priority,set or rise,alt set start,alt rise start,alt set end,alt rise end,max_alt,Sp_ID
-0.5,None,73.11045846247437,-20.79323030360523,69.9519388766368,-39.143315536493304,77.9467056949387,Sp0000-1245
-0.5,None,47.77279258773187,-33.404228648095405,46.44125948773424,-55.470829494378094,49.63572486864592,Sp0001+1535
-0.5,None,61.096784357648865,-27.484809249305822,59.41049073325207,-48.27616795668266,63.97105775562458,Sp0002+0115
-0.5,None,5.773991896258925,-35.91002275765537,5.4605969839363775,-47.31259822894475,6.520979146714781,Sp0004+5843
-0.5,None,75.13263522234837,-17.473489016377147,73.35120587621002,-35.15084348889067,82.40314786018847,Sp0004-1709
-0.5,None,76.88426725812504,-15.387746126515369,74.83032986169341,-32.29760580661266,86.21695100252651,Sp0004-2058
-0.5,None,70.39180171364494,-3.7321823314218374,69.1838538808679,-16.46958582939904,74.0195419977298,Sp0004-4044
-0.5,None,59.85641372613832,-27.296868835565164,58.88085195345848,-48.29013180530465,62.95469911890262,Sp0005+0217
-0.5,None,76.92585220042763,-14.617112449672646,75.34660355266507,-31.37738938589366,87.19450611665728,Sp0005-2157
-0.5,None,57.56119734043419,-28.01880716374025,56.945296146617196,-49.329955480214046,60.58617657597488,Sp0006+0439
-0.5,None,68.10882952125232,-22.221932172580672,67.31981996402143,-41.74413633642779,72.77601018632546,Sp0006-0732
-0.5,None,77.0750870654628,-12.646454113407513,76.08058524534636,-28.85156319384889,89.49826047996157,Sp0007-2458
-0.5,None,34.223836890378976,-35.2315995259159,34.18393408787807,-56.29326098123478,36.03366597707656,Sp0008+2911
-0.5,None,14.775274176094054,-36.49134324206432,14.745054315928614,-51.70419591128101,15.917898571275162,Sp0008+4918
-0.5,None,9.364289059775857,-35.965911199452805,9.31483579363544,-48.9995247629508,10.339523759683159,Sp0008+5453
-0.5,None,67.73129127295736,-21.29345299900879,68.0880092422867,-40.891896068886226,72.9741738888242,Sp0010-0746
-0.5,None,75.56212815104006,-14.61620717267091,75.85965143331062,-31.838590546895134,85.61658786374554,Sp0010-2031
-0.5,None,5.141036266087849,-34.8923347260796,5.273063915866574,-46.29135920687974,6.083252517421159,Sp0011+5908
-0.5,None,74.0690591820583,-6.957398458267642,74.682884952463,-21.531257882716954,81.0824028542098,Sp0011-3334
-0.5,None,12.04770599061103,-35.73017137537352,12.274528969584262,-49.97989946334939,13.232726446986206,Sp0012+5159
-0.5,None,23.406871396601886,-35.784064417387604,23.76728829570604,-54.19369221321279,25.008529592501695,Sp0013+4012
-0.5,None,64.9929819733422,-21.977357922946616,66.23987629215969,-42.12733424773085,70.09356216240985,Sp0013-0457
-0.5,None,75.23470655035099,-12.70038543170808,77.32845145529028,-29.673158514171504,87.03483575316692,Sp0013-2235
-0.5,None,73.88039438226359,-6.907788790494014,75.64953877936901,-21.786652397716338,81.75206533843163,Sp0014-3245
-0.5,None,62.85462195640209,2.502930054378381,63.80881853231082,-8.852282467287692,65.95787053041634,Sp0014-4844
-0.5,None,27.998379757276386,-34.78072009470498,28.690493412935712,-54.559251869433076,29.944469003104533,Sp0015+3516
-0.5,None,20.93200810987731,-35.49000752760777,21.47592482125502,-53.140354206143556,22.55479041863539,Sp0015+4239
-0.5,None,68.63371135280951,-1.6955091928223986,70.62626795321457,-14.930655779753431,73.79155504467694,Sp0017-4054
-0.5,None,49.22896007503291,11.558045395198382,49.96982765264235,3.8267811234336992,50.80905738015339,Sp0018-6356
-0.5,None,59.707896753119805,-23.3336943984067,62.06095934782474,-44.36967609988769,64.71600459530877,Sp0019+0030
-0.5,None,55.93874405604919,-25.16199436316307,58.090485161681876,-46.67948537084545,60.38402851445234,Sp0019+0450
-0.5,None,11.52602936515533,-34.58628995994178,12.285196577874546,-48.870844970784184,13.013146058902334,Sp0019+5213
-0.5,None,70.51958064502656,-3.316316665597767,73.60716060187626,-17.425248866532808,77.31816331743423,Sp0019-3724
-0.5,None,29.780194635702077,-33.4900908107928,31.03947964428822,-53.76421989829605,32.150339083155,Sp0020+3305
-0.5,None,73.5861460707755,-11.775574937291498,78.65343099088,-29.140854762817327,87.09517605928963,Sp0020-2155
-0.5,None,66.833984238635,-0.05830997359208937,69.5294169728505,-13.035550580530556,72.00263298455096,Sp0021-4244
-0.5,None,49.18206540235154,11.760317677600089,50.138023113579095,3.933274852695328,50.89958077149306,Sp0021-6351
-0.5,None,49.206899751772774,-27.38125900875845,51.501390634369564,-49.40369616802633,53.18857268644316,Sp0022+1203
-0.5,None,61.01324061285148,-21.047030236692745,64.85543096716634,-41.869854369370664,67.21323591729134,Sp0024-0158
-0.5,None,73.07606068652856,-8.154433310488686,79.87561621242025,-24.64078245757529,87.59839243024474,Sp0024-2708
-0.5,None,9.220998743373503,-33.61919144918089,10.313645431194661,-47.16046051100291,10.85602964621263,Sp0025+5422
-0.5,None,53.57848225139429,-24.23008014699789,57.09181253203826,-45.972155660633,58.69394917532238,Sp0026+0632
-0.5,None,57.03552953103094,7.273840595122287,59.28156648230686,-3.1283963389240568,60.265399747877275,Sp0026-5428
-0.5,None,39.27244070700322,-29.45342265961785,41.899840968362675,-51.26086908643004,42.90211719461801,Sp0027+2219
-0.5,None,57.37548556661668,7.084330139240157,59.73075460949789,-3.4456584517821907,60.715126463015245,Sp0027-5401
-0.5,None,38.781698263253865,-29.49944746912609,41.439706086473954,-51.264529081572384,42.40780981963993,Sp0028+2249
-0.5,None,47.67989603377441,-26.125084859001515,51.1218479125303,-48.19002092563508,52.29608299967258,Sp0029+1255
-0.5,None,38.659250477018766,-29.023259399648236,41.60706034586144,-50.78440064551682,42.46352034923929,Sp0030+2244
-0.5,None,52.66148258456399,-23.159396199132278,57.182971383615715,-44.967714282669554,58.344897642867636,Sp0031+0649
-0.5,None,67.90862521118805,-0.7029533930851011,74.00498826730443,-14.994604718296795,75.97905048473667,Sp0031-3840
-0.5,None,56.4120663108082,-21.23605918022402,61.52294741145073,-42.67393746674252,62.84385074921439,Sp0032+0219
-0.5,None,32.29975720176035,-30.3134360740357,35.08544658871673,-51.22566679129972,35.73194107805767,Sp0032+2927
-0.5,None,68.34525673758391,-12.62620562471166,77.509270240728,-31.639414648410384,80.39951974710607,Sp0033-1521
-0.5,None,21.534747982518418,-31.75076215220605,23.93904625002056,-50.05020476033705,24.385888337706433,Sp0034+4050
-0.5,None,32.608646417982705,-29.426558242543457,35.85424279423966,-50.42511781419899,36.40668961068566,Sp0035+2848
-0.5,None,42.05858445727093,-26.381480920541744,46.18311240555212,-48.389260005442786,46.86829588041572,Sp0036+1821
-0.5,None,69.59661698649452,-9.317029832483408,81.54162407545034,-27.518598450322113,85.61363492863178,Sp0036-2031
-0.5,None,22.864100811266557,-30.93731154538242,25.6695964488313,-49.70364788585232,26.061264687238396,Sp0037+3910
-0.5,None,45.508718703137006,-23.510663735878794,51.00868650841853,-45.59603122419711,51.54920257374693,Sp0041+1341
-0.5,None,54.30757333298647,10.022035942778892,58.017363494103684,-0.36500864896366847,58.39898999023278,Sp0041-5621
-0.5,None,61.785356734417384,-14.602536635275364,71.40028386302839,-35.10783683871333,72.45875163118853,Sp0042-0712
-0.5,None,35.85295813470125,-26.603786878486844,40.439661220227705,-48.13210478169272,40.803063859718364,Sp0043+2426
-0.5,None,6.632262851072244,-30.836236424185074,8.899714400060581,-43.94809875033967,9.059790773745577,Sp0044+5610
-0.5,None,66.53729700358808,0.4018950203078162,77.67190419674462,-14.997437794245572,78.63654028789973,Sp0045-3604
-0.5,None,53.84354625518019,-18.26731057637107,61.856425071277435,-39.91829376014494,62.35496272491616,Sp0046+0252
-0.5,None,66.86846938322772,-0.15828997791143906,78.98685939189875,-15.884081553270027,79.99435810778131,Sp0046-3442
-0.5,None,60.09070931523894,-13.380232829273105,71.27873844499989,-34.1032739999639,71.74775973436908,Sp0049-0635
-0.5,None,64.82231202390115,-8.920830432162223,79.94811243880261,-28.36864445163978,80.6621096555942,Sp0050-1538
-0.5,None,66.46830063669172,-6.784071580354873,83.7405472231781,-25.4696509234649,85.00054184981279,Sp0050-2008
-0.5,None,40.009118946586916,-23.125838703596624,46.30920087293735,-45.063359211118524,46.45575383610067,Sp0051+1844
-0.5,None,66.79744152366162,-5.206696748144431,85.64739709311758,-23.44375258248786,87.24662109412368,Sp0051-2251
-0.5,None,66.7579791590397,-5.139978995174378,85.71301801247647,-23.374372849636377,87.31608234530219,Sp0051-2254
-0.5,None,-4.122865941816009,-29.16541225549166,-2.2089704725490806,-37.95218511379686,-2.1708906202028575,Sp0052+6724
-0.5,None,66.81196796219386,-2.816124663066908,85.77784244554525,-20.30331035686133,87.14831830464159,Sp0052-2705
-0.5,None,48.944737988497934,13.907152853453274,52.61486961823359,4.77621013791732,52.69486267975901,Sp0052-6201
-0.5,None,12.049599294297405,-29.230763946620733,15.456221922113194,-44.77848665401836,15.5150690364225,Sp0053+4942
-0.5,None,11.747775218609815,-29.22297579844227,15.142531127269484,-44.663027280129214,15.199826541076606,Sp0053+5001
-0.5,None,64.99247070640709,1.9087849920656235,77.7875307503269,-13.648953743022366,78.14251571397162,Sp0053-3631
-0.5,None,66.06433022738318,-0.5517601357470955,83.20062842130825,-17.36058345760652,83.78490414937072,Sp0055-3052
-0.5,None,54.23581581077342,10.962950095779888,59.80404905537282,-0.21884512257539632,59.895270076379084,Sp0055-5450
-0.5,None,12.723263970781138,-28.29501918302822,16.620416127309603,-44.24455928087889,16.651525804077664,Sp0058+4835
-0.5,None,58.46269098402184,-11.2128212669788,71.95133123396246,-32.07268908991923,72.09954169010273,Sp0058-0651
-0.5,None,4.637718594679467,-28.696261083324803,7.788549703632788,-41.49103880543578,7.808419430031023,Sp0059+5726
-0.5,None,8.605980033230239,-28.164270349811723,12.327372595612488,-42.64328719591752,12.338605418237586,Sp0102+5254
-0.5,None,62.821560754382965,4.110939668894793,77.0643877958129,-11.514538461116462,77.10973529498825,Sp0102-3737
-0.5,None,47.17981784065699,15.516852511461357,51.35471951682199,6.538946759075995,51.369634470598164,Sp0102-6322
-0.5,None,31.97079302021015,-22.905964904943385,38.795239971531245,-44.07180686863261,38.80339094256265,Sp0103+2626
-0.5,None,15.49318356124192,-27.13544584550644,20.074765098752863,-44.18486705308769,20.08166735030096,Sp0103+4509
-0.5,None,53.62527722681802,-12.902352546555905,65.95098838158825,-34.44293681593693,65.97219392092536,Sp0103-0044
-0.5,None,54.077218119461925,11.589080793158182,60.86932239666627,-0.08653625000230963,60.883034007608615,Sp0103-5351
-0.5,None,41.45468102797457,-18.835727829878085,50.27790808717809,-40.87708360131668,50.272633413961955,Sp0104+1457
-0.5,None,49.7434739298901,14.403251404052577,55.19088836872473,4.216994006454479,55.178082088699746,Sp0106-5933
-0.5,None,33.112931981445016,-21.550006787564403,40.653011436705754,-42.91450876732527,40.62448753560893,Sp0107+2435
-0.5,None,47.438405897075825,-14.54159286573132,58.81361855604553,-36.54656288318137,58.73538609299564,Sp0109+0625
-0.5,None,28.37967418790067,-22.60914598615394,35.42034199421471,-43.235701293813285,35.379430714360716,Sp0109+2949
-0.5,None,54.34357835243907,-10.11091311555448,68.96916990793017,-31.468606378486577,68.87135149826253,Sp0109-0343
-0.5,None,55.89283239350547,10.696362784069157,64.83351065535892,-2.184849248269778,64.77504869157788,Sp0109-4954
-0.5,None,55.244832860418576,11.152152530144043,63.73459893143955,-1.4403396654140268,63.681350827509114,Sp0109-5100
-0.5,None,55.998641887640154,10.747578935560933,65.6044165500559,-2.4091901660239046,65.57777752363907,Sp0111-4908
-0.5,None,59.0223859658477,-4.572659953959898,79.30883014757522,-24.791481851752405,79.33631791912313,Sp0113-1408
19.814186415930706,None,44.961763863970255,17.584123843470767,49.792539615580054,8.765576006012218,49.814186415930706,Sp0116-6455
17.363827884646952,None,37.32784831183782,-17.100172615929196,47.312079242324586,-38.97201583684945,47.36382788464695,Sp0117+1752
48.045170038773605,None,57.68973244656618,-4.425193016327534,77.8625381769422,-24.890216572224602,78.0451700387736,Sp0117-1247
42.923959798444,None,54.44373293118462,-5.930245164760724,72.68097776388507,-27.04796629079941,72.923959798444,Sp0120-0741
39.956421718078545,None,56.81636672628928,10.3755283705217,69.80004268631875,-4.13761671446666,69.95642171807854,Sp0121-4447
42.043745013134014,None,57.22621693999518,9.959234023856796,71.79938523982034,-5.141194090784874,72.04374501313401,Sp0123-4240
-0.5,None,-6.299503705861311,-26.12045833529103,-3.1288505311967434,-34.847315418818276,-3.0857731383760765,Sp0124+6819
-0.5,None,-19.35806475949746,-25.43103925026442,-18.348321384114232,-27.947072556642887,-18.332163252283426,Sp0124+8334
50.737674996871434,None,59.469089498158006,6.3659444208573985,80.19472664416782,-10.694826618825381,80.73767499687143,Sp0124-3355
6.424219524255733,None,27.39800743279788,-19.050889049622903,36.298814008050485,-39.71883890129409,36.42421952425573,Sp0125+2847
20.876145260470167,None,38.690525380396856,-13.693476151756864,50.67870083938402,-35.69184384617815,50.87614526047017,Sp0126+1419
52.798491110380596,None,59.084408379162106,5.97782780009501,81.914953804096,-11.619788401824692,82.7984911103806,Sp0127-3140
32.986205060676795,None,47.00163214681493,-8.432242177417377,62.63243230597025,-30.360605267108728,62.986205060676795,Sp0128+0211
17.857895230306696,None,35.809143141121304,-14.025975880724756,47.55662581974721,-35.863438380474406,47.857895230306696,Sp0130+1721
37.39666646883887,None,49.28940449772574,-6.059629394399468,66.81195747064973,-27.760259218486127,67.39666646883887,Sp0130-0211
39.94440516323354,None,55.31211802996361,11.892724395213644,69.49266793736143,-2.8811085565982815,69.94440516323354,Sp0130-4445
9.364085130514098,None,28.745798882751,-16.454909876422175,39.02729212481252,-37.469672288104476,39.3640851305141,Sp0132+2552
44.38251405822936,None,52.787168958814455,-2.749253270631914,73.42531044025006,-23.87485009417678,74.38251405822936,Sp0132-0910
51.79729279753204,None,57.55516013912518,7.806905499040211,80.06404721877703,-9.713510104606973,81.79729279753204,Sp0134-3255
23.16116087210046,None,38.852100105324,-10.783527414959392,52.5690540760322,-32.822403587771674,53.16116087210046,Sp0135+1205
11.393637100363186,None,37.49947439623669,21.84452470713503,41.229847698691074,15.485783302564737,41.393637100363186,Sp0138-7320
53.183693804517404,None,54.78105014319907,2.501693687426336,80.16997679619301,-17.680103598427834,83.1836938045174,Sp0139-1757
17.15813269379889,None,33.55762166212501,-11.875061326714617,46.438007942164404,-33.60293984141464,47.15813269379889,Sp0141+1804
58.88538947278964,None,55.736192911147214,5.628809616465722,82.54159497644882,-13.63888449070532,88.88538947278964,Sp0141-2417
-0.5,None,6.652534519697279,-21.486872664090463,13.46513951531766,-36.5347647011459,13.866358639447672,Sp0144+5121
42.42368663500788,None,49.18632915885343,-0.781431531282881,70.5059107006513,-22.23457348695486,72.42368663500788,Sp0144-0716
54.15300659943931,None,54.60147877142975,9.594411667277408,79.46586741692514,-8.76039934197805,84.15300659943931,Sp0148-3024
22.565593106810624,None,44.15345373522557,20.140188763830906,51.97419621843162,9.85426881418502,52.565593106810624,Sp0148-6209
-0.5,None,-4.523740466413717,-23.022425659373553,0.4552040713472226,-33.423543407639556,0.8671880262621681,Sp0151+6423
36.108339184341105,None,44.26004119675584,-1.8561912308962611,63.9333284917638,-23.775118447969746,66.1083391843411,Sp0151-0051
20.221830191157323,None,42.528712290302344,20.976741776525255,49.629668397493546,11.414955889811726,50.22183019115732,Sp0151-6430
-0.5,None,12.385641772364062,-17.771243318907825,21.34803089306289,-35.18825829549443,22.165118469132327,Sp0154+4305
25.423000490540332,None,36.96850291565475,-5.5034330818444515,53.598097182433776,-27.547964985997098,55.42300049054033,Sp0155+0950
31.720969619243427,None,40.620566515196735,-2.500026189998638,59.37078733764072,-24.566416454387145,61.72096961924343,Sp0156+0331
-0.5,None,-6.885197573289378,-22.90012125978732,-2.1504299623281,-32.31765322290343,-1.6825239160805205,Sp0157+6656
17.128949677963362,None,30.71733714209005,-8.119019649383015,45.446152095957935,-29.729334001561725,47.12894967796336,Sp0158+1807
41.1116655895034,None,45.03459270563674,2.2818075941491847,67.37702480273805,-19.42368897625872,71.1116655895034,Sp0200-0554
24.87568832220817,None,35.29885266293839,-4.089370712149096,52.539897306959475,-26.100430329185272,54.87568832220817,Sp0202+1020
-0.5,None,-10.286683982327732,-23.05093910202866,-6.125227098252189,-30.902934407214723,-5.651668749101462,Sp0202+7053
48.03566619790983,None,51.07779019474156,14.884611181822354,73.2021864467837,-2.5926176630000795,78.03566619790983,Sp0204-3632
44.86525566020168,None,50.69794968378688,15.936656283990516,70.9667771439317,-0.8337244702530926,74.86525566020168,Sp0204-3945
22.344578648638354,None,33.12680492065743,-4.502224512048518,49.93497414172857,-26.40359783217947,52.344578648638354,Sp0205+1251
42.04132917305232,None,44.55738342870845,3.682098889525397,67.59005964561939,-17.994027574598647,72.04132917305232,Sp0205-0653
21.30318171041594,None,31.955453365720132,-4.378718792496649,48.71662609866179,-26.211133847842625,51.30318171041594,Sp0207+1355
54.663592950122634,None,50.451351827550724,13.248436792639952,75.87316837772099,-5.599215962571143,84.66359295012263,Sp0207-2955
47.30319906977405,None,50.431380150770856,15.698706275913437,72.23116461699158,-1.6632153409393693,77.30319906977405,Sp0207-3721
9.531303896731863,None,23.66622832075768,-8.961171752960981,37.5026751615804,-29.66633858309703,39.53130389673186,Sp0208+2542
-0.5,None,5.611520065376963,-17.46469096773394,14.25411093777615,-32.86804649414367,15.434675890569604,Sp0208+4949
32.25842316337107,None,46.205604368384606,20.647544069929186,59.860958586163186,7.014532883621005,62.25842316337107,Sp0210-5228
49.70891501002899,None,46.346413135954656,8.116149169542807,72.03700587086716,-12.981595777766955,79.70891501002899,Sp0211-1427
247.1287940454963,None,33.18081508492249,-1.8260363016851413,51.37516990181949,-23.791829049583335,54.71287940454963,Sp0212+1032
107.0458195737389,None,23.861298078626742,-7.67872308673498,38.33060564242235,-28.49525841837366,40.70458195737389,Sp0212+2433
458.6854438807501,None,44.60889188723026,6.825788213428584,69.28456079291144,-14.639592673228895,75.86854438807501,Sp0212-1036
-0.5,None,8.889798224881751,-14.989538225174966,18.931385137129677,-31.79075633421413,20.514980606859268,Sp0213+4444
489.8593281178478,None,45.52507192433927,8.370462870468284,71.11521721035732,-12.830528728273416,78.98593281178478,Sp0213-1343
392.23660454092766,None,41.148484877579385,4.547419060552324,63.88540122031439,-17.35527016100356,69.22366045409277,Sp0214-0357
540.5725498783804,None,48.91055608256209,14.99733911459636,74.13233819694257,-3.8574830270289753,84.05725498783804,Sp0215-3040
216.67506805903025,None,30.543398155874886,-2.2677029342147303,48.226183087178576,-24.067939438689262,51.667506805903024,Sp0216+1335
571.9499324924584,None,47.37994865920891,12.162426731597403,74.20345041501984,-8.10051627246299,87.19499324924584,Sp0216-2200
-1.8780143014407003,None,15.306304799455186,-10.963118131498868,27.649198475430595,-29.91431398524348,29.81219856985593,Sp0217+3526
415.1206362477029,None,41.2311793182732,6.585745041294482,64.9927879265099,-15.229164910391715,71.51206362477029,Sp0218-0617
530.8953265778641,None,48.24399532922319,15.971606296816793,73.16867933813435,-2.7825152762404874,83.0895326577864,Sp0218-3133
-0.5,None,-2.6882860684174608,-18.664647425466743,4.6349531034904246,-30.87860224524726,5.9258000054027535,Sp0219+5912
547.1959384192673,None,46.08570866089933,11.951866414774477,72.81657750323097,-8.669234087039309,84.71959384192674,Sp0219-1938
465.63737440896136,None,18.08664878256727,-8.107537534195886,31.942687461982654,-27.911114617137628,34.65637374408961,Sp0222+3033
565.4282608196011,None,46.940821372451914,15.502549183810851,73.11379934080063,-4.031428458509553,86.5428260819601,Sp0222-2732
477.23951713508416,None,47.4697130799009,18.39492031615898,70.1169377593707,0.6252466313680474,77.72395171350841,Sp0222-3651
-0.5,None,-5.475736753300814,-18.948765359682827,1.4019120580696947,-30.00056339221799,2.7584867859114355,Sp0225+6229
-0.5,None,2.968789512000249,-14.773202628415877,12.654042950694402,-29.774666989326477,14.682136984861964,Sp0227+5034
516.1345772137395,None,43.37742278330372,12.42978584925617,69.82067941054312,-8.661482166688586,81.61345772137395,Sp0227-1624
199.2683116888388,None,39.13048657951275,24.81354891759587,47.97980254024396,14.876695959920449,49.92683116888388,Sp0227-6447
320.71656569997276,None,34.43629286669537,4.738738904223078,56.02242014405493,-17.344213355468685,62.07165656999727,Sp0228+0310
186.01882302184117,None,26.313471183602633,-0.8993895781494582,44.205541870156935,-22.3913575564339,48.601882302184116,Sp0228+1639
213.0777640550118,None,39.605610310856875,24.84347443802663,49.122454456206,14.410674100244774,51.30777640550118,Sp0228-6325
-0.5,None,3.863145956830381,-14.02670461745486,13.96725939593529,-29.44426693207671,16.14931677749016,Sp0229+4906
184.59430311386043,None,25.903658058292727,-0.5939304647202913,43.89371353946908,-22.058722345191462,48.45943031138604,Sp0230+1648
451.51508820048633,None,40.17072087962619,10.700371433265184,65.44147736036314,-10.982274004303024,75.15150882004863,Sp0230-0953
571.3795158006207,None,43.76787011452431,15.54148627591397,70.58356297000729,-4.9765974913319475,87.13795158006207,Sp0232-2152
131.11736437312587,None,21.909474904836173,-2.247562930770235,38.7543291915513,-23.13188184409282,43.11173643731259,Sp0233+2209
368.86414495127866,None,15.683942716358144,-6.373390334287562,30.152059084024053,-25.85710428596929,33.68864144951279,Sp0233+3134
-0.5,None,-4.580008860170214,-17.21562791724381,3.2379702308645975,-29.03081015208817,5.057494790489761,Sp0234+6012
-0.5,None,-6.778023218799051,-18.127539984311007,0.3476889411326406,-28.858005832162934,2.0221785474036,Sp0235+6314
500.8853527668616,None,44.487091220804565,20.59606274277111,68.47172785883029,2.091392747710384,80.08853527668616,Sp0237-3434
526.2877358837796,None,40.90363818185113,15.65168740887773,67.60439732245132,-5.462277858375158,82.62877358837797,Sp0239-1735
277.3856182236972,None,29.549577301348027,5.6399681389329706,50.78459015113535,-16.327453016007432,57.73856182236972,Sp0240+0727
-0.5,None,-1.4041593358284936,-14.425202325889801,8.053546766075216,-28.00344465522647,10.506592643838099,Sp0241+5444
432.31688808419005,None,43.383900875833326,23.289405295723004,64.42355046179308,6.189143486456505,73.23168880841901,Sp0242-4124
321.41880743852914,None,41.55562995825019,25.428432398911585,56.97920267267856,11.304937411302145,62.141880743852916,Sp0242-5232
-0.5,None,3.0597272004038523,-11.450147136118996,14.274825440014165,-27.037224024747427,17.325923153100835,Sp0243+4755
488.5001737305214,None,43.07189237033001,22.32978688413128,66.66698399080343,3.9545853206873476,78.85001737305214,Sp0244-3548
188.46169245427143,None,23.093945730087704,3.0532299907341405,42.39048372696959,-18.29758967528353,48.84616924542714,Sp0246+1625
402.4269471036351,None,34.59476688008055,12.252020990826672,59.32384657425639,-9.75344767869422,70.24269471036351,Sp0246-0459
642.2689683640144,None,15.110343440357436,-2.3133846353571506,31.321434781532837,-22.058630503205663,36.422689683640144,Sp0247+2850
1599.8235622245672,None,20.98523611610178,2.1905003763138113,39.683343514914846,-18.85321262183984,45.99823562224567,Sp0248+1916
521.2487017539013,None,38.6363261405203,17.38157725069019,65.34133576186565,-3.9023187842768388,82.12487017539013,Sp0248-1651
570.6630399385574,None,39.759202115334475,19.37989794185149,66.545299222404,-1.3811796863674748,87.06630399385574,Sp0249-2147
532.0499704778102,None,41.68693392858536,22.224422554974943,66.8230757390625,2.942818905080999,83.20499704778102,Sp0249-3131
4342.005675132454,None,35.114191582004864,14.384641707409699,60.63345614794856,-7.519343734395827,73.42005675132454,Sp0250-0808
344.7999383927453,None,30.76081540583399,10.968665549480507,54.34692437252002,-11.11257983212402,64.47999383927453,Sp0251+0047
3915.2605949699323,None,32.98091915022506,12.93388167947084,57.65538539709203,-9.113766935868659,69.15260594969932,Sp0251-0352
3432.8966892635835,None,30.42404156755827,11.181577118352225,54.03342786393455,-10.897731932557507,64.32896689263583,Sp0252+0056
-0.5,None,0.31669759808385406,-10.96703597996149,11.516546792458852,-25.764141389178587,15.023803339644978,Sp0252+5014
18387.118872411156,None,21.579802984580176,4.218207273288323,41.19278453762305,-17.024090331696623,48.38711887241116,Sp0253+1652
804.2476206877602,None,15.203759243908099,-0.489036805487063,32.20262585306589,-20.414881642507453,38.0424762068776,Sp0253+2713
586.5072296624588,None,39.42262050580491,20.736578281043585,66.0752484440357,0.16454684225498875,88.65072296624588,Sp0253-2336
47.340092058163776,None,30.0517546493624,26.434259253721287,33.62738090138986,22.205225855707937,34.73400920581638,Sp0253-7959
547.7337342894798,None,38.23258806465988,19.542514819402534,65.05562933468546,-1.5219759767120002,84.77337342894798,Sp0254-1934
376.87053914626176,None,40.57145044387237,26.609483301885174,59.283519706797996,10.737909140302952,67.68705391462618,Sp0255-4700
-0.5,None,5.561757687973772,-6.128375130847116,19.340298027728966,-23.22835823589964,24.05697775635795,Sp0257+4111
-0.5,None,-1.9747250876556401,-11.436523889862809,8.806327093003176,-25.3885771888166,12.370004116997846,Sp0257+5253
5342.283867890188,None,39.92189883568492,23.77343631686576,65.18691419967001,4.298397389040751,83.42283867890188,Sp0257-3105
12323.235057510978,None,16.71219463414851,2.811838559332658,35.22827027247492,-17.649726122004598,42.32323505751098,Sp0259+2254
4027.9264845360317,None,40.00409055013092,26.9946429084194,60.1367829328551,10.358191374524194,70.27926484536032,Sp0259-4421
-0.5,None,3.1356276930977427,-7.047608629503373,16.31517887012869,-23.33704788291095,20.978713976954612,Sp0301+4416
4481.11473505953,None,39.62771074517356,26.68356885815213,61.832845955312266,8.914853736617479,74.8111473505953,Sp0302-3950
5911.180186726504,None,37.186382055771034,23.442312512022994,63.6891934484633,2.8624170564884985,89.11180186726504,Sp0304-2435
5785.384969694914,None,37.339419708012485,24.406638961349607,63.52135114381165,4.119462809437676,87.85384969694914,Sp0306-2647
4790.946874925461,None,38.692117129154106,26.876642184919177,62.151439259943785,8.378945961610711,77.90946874925461,Sp0306-3647
-0.5,None,-5.855050091595025,-12.171876924424714,4.211584123867461,-24.612942876305436,7.954633999242206,Sp0307+5719
4918.577688402138,None,32.90569521170421,21.008551758678596,59.542418938499175,-0.6938868517771278,79.18577688402138,Sp0309-1354
4773.971770732498,None,38.10571969023039,27.50102016307352,61.52467502431398,9.000037019673124,77.73971770732498,Sp0309-3658
3270.5105259730253,None,25.78653756485923,14.43952425062503,49.79790618050597,-7.5737000618394985,62.70510525973025,Sp0310+0234
27832.42200378219,None,23.3495990721239,12.238315208387048,46.26807699266195,-9.572670359930385,57.83242200378219,Sp0310+0726
5674.528443346079,None,36.65522608624152,25.62043612639649,62.6133046689226,5.453829003482433,86.7452844334608,Sp0310-2756
3416.4496547080175,None,26.229681463327182,15.352545602350416,50.59724155603485,-6.693047246766837,64.16449654708018,Sp0311+0106
5202.157813239222,None,37.13103457305554,27.09541745354294,61.96348116857158,7.7064806660059535,82.02157813239222,Sp0311-3239
19207.248906591667,None,17.910585175124208,9.058875714141012,38.99293835272886,-12.03119855837325,49.207248906591666,Sp0314+1603
6586.049248624292,None,10.6636787581263,2.8489647829354174,28.614260291443653,-16.50840291642277,36.58604924862429,Sp0314+2840
3828.7089582423064,None,37.28654393865661,29.85199081547676,56.837893145373535,13.56944537691638,68.28708958242306,Sp0314-4623
-0.5,None,-20.42861638729977,-21.54997507658334,-17.364308484833057,-25.068195429692103,-16.097693973685764,Sp0315+8122
5549.896658621899,None,35.41879998981236,27.230427817172657,61.17816977035861,7.118975751878962,85.498966586219,Sp0316-2848
-0.5,None,-2.197827671285974,-6.414470193746783,10.801207607849816,-21.18297445540393,16.467720460283434,Sp0319+4848
4754.502748929452,None,36.107065906067334,29.496611015609506,59.561995347761666,10.883750597977055,77.54502748929451,Sp0319-3703
16361.323448128282,None,14.957932546760443,9.095681415115987,35.7213589715741,-11.581203965826079,46.36132344812828,Sp0320+1854
4001.0420285017203,None,26.840407739680323,19.940930210357312,52.5525200573325,-2.1394712984372615,70.0104202850172,Sp0320-0446
2935.2696158368694,None,35.53026668472283,31.191225762375005,50.9798918396353,17.54764051110143,59.352696158368694,Sp0320-5520
-3513.3489184189416,None,3.4805950963507555,-1.01561742827928,19.244882717429633,-18.242414107498423,26.48665108158106,Sp0321+3847
4161.865770889153,None,35.647584113511485,31.16801851906858,56.82599510280834,13.908666479460507,71.61865770889153,Sp0323-4304
3053.7740529676794,None,35.13596306666862,31.74750864356542,51.255742907261585,17.69672189516899,60.537740529676796,Sp0324-5410
725.5870954379219,None,29.76380047514064,28.412876880604678,34.905310642924405,23.134841971199844,37.25587095437922,Sp0324-7727
21079.662168603085,None,16.578301178517677,12.365460801816429,38.677787551082915,-8.774951396101889,51.079662168603086,Sp0325+1412
4114.167489596676,None,26.11180373938166,21.575185715896627,52.08698438518252,-0.5013825581810628,71.14167489596676,Sp0325-0551
271.963915623941,None,28.06500773154231,27.193797271092965,31.28109531634754,23.80283906738435,32.71963915623941,Sp0325-8159
15964.788297285451,None,13.59157896495659,10.056400813491882,34.55257598346271,-10.484446254955204,45.96478829728545,Sp0326+1919
5985.176755873691,None,32.47088454850186,28.17200710378627,58.84727301686476,7.368032017737334,89.85176755873691,Sp0326-2443
4210.661700454665,None,35.12240806462717,31.624317205573043,56.53399844211115,14.214227329749061,72.10661700454665,Sp0326-4236
23789.59261249947,None,17.34026449735873,14.356384856369653,40.190954888768886,-7.0042971913775665,53.78959261249947,Sp0328+1129
22176.91651047808,None,5.518411439859583,3.310235825922659,23.187399768892927,-14.96371564680375,32.21769165104781,Sp0329+3304
35068.82210447223,None,5.9291180111055155,4.328570075159934,24.02791054630155,-14.158812637401192,33.50688221044722,Sp0330+3146
-0.5,None,-6.713761679210939,-7.76456319596189,5.275159709802412,-20.787232052105615,11.053261096558199,Sp0330+5413
35698.683048926796,None,22.6578188404893,20.36801209165358,47.92154445963447,-1.6601966800836034,65.6986830489268,Sp0330-0025
3611.2646518696097,None,34.603009642519055,32.60172814335243,53.477456709430655,16.786900129068798,66.1126465186961,Sp0330-4835
5390.624417432011,None,32.651314921341815,30.782034714403974,57.9382021283931,10.808225140106455,83.90624417432011,Sp0331-3042
5814.310410122195,None,30.788199990580242,29.079735331711948,57.292834570983544,8.040460460704029,88.14310410122195,Sp0332-2317
-2404.2345807707975,None,2.0199155999401888,1.752522841849483,18.775808070371404,-15.45514029004188,27.595765419229203,Sp0334+3740
5637.065616604107,None,29.8002277113132,29.05058952037541,56.449289991173345,7.793439208442444,86.37065616604107,Sp0334-2130
3477.4712898135194,None,33.91702541149621,33.27802605454127,52.274676206416466,17.81985505130181,64.77471289813519,Sp0334-4953
28249.388691112537,None,18.056577711684678,18.10416458243019,42.13439176180646,-3.5433551885916694,58.249388691112536,Sp0335+0658
43641.164683919815,None,24.94056184482946,24.887362239013218,51.36633929652173,2.832305737662085,73.64116468391981,Sp0335-0829
4010.6807426462906,None,33.50899636428654,33.47180191615552,54.24795320427536,16.464660651253656,70.10680742646291,Sp0335-4430
3008.4045677817635,None,33.1083110594215,33.725293017078634,49.35818343603181,19.73604815565655,60.084045677817635,Sp0338-5435
10325.323583500322,None,8.000628550688758,9.674693702764552,28.260388365570147,-9.829469741232389,40.32532358350032,Sp0339+2457
4920.762392862098,None,31.83540101429994,33.282797559754265,55.85590378241465,14.097870362233348,79.20762392862098,Sp0339-3525
4783.798711796709,None,31.926761751936155,33.59656815761938,55.52109620329084,14.694760592748597,77.83798711796709,Sp0340-3649
-0.5,None,-4.569473065746173,-2.7531917709868776,9.787822407486358,-17.385767001982305,17.599394821504166,Sp0341+4741
-0.5,None,-3.9968203920071064,-2.002285394894036,10.724385400119777,-16.937308757088914,18.802360349889405,Sp0342+4629
34107.409269427946,None,18.902497066071657,22.669562654871488,44.24925348291286,0.7534729868487973,64.10740926942795,Sp0344+0111
96252.70144983481,None,6.502183225536398,10.382090068711213,26.866991568950297,-8.890109121015543,39.62527014498348,Sp0345+2540
-0.5,None,-12.89045543310176,-10.565356877966751,-2.843244109866312,-20.710164867111146,2.697039250595427,Sp0346+6236
37604.74013248057,None,19.9828341782805,24.700776980060716,45.871656165205685,2.671836169785853,67.60474013248057,Sp0346-0218
53516.09276793062,None,25.91032837985553,30.938609422605918,52.685947884234324,9.285028989462525,83.51609276793062,Sp0347-1814
23852.587070783742,None,13.221328121866835,18.524529498424545,36.85472022207513,-2.61041753637935,53.85258707078374,Sp0348+1126
16094.447151336532,None,30.33287031366958,32.46518635582056,40.04483522458259,23.640667793802745,46.09444715133653,Sp0348-6836
36134.45277042058,None,18.28297809807032,25.137396012813905,44.07566987137602,3.171126074380763,66.13445277042058,Sp0351-0052
52994.757289827096,None,24.80311286929849,31.806984504594976,51.57987826731834,10.09668031171499,82.99475728982709,Sp0351-1751
33063.070263600675,None,16.66460710436969,23.98511748554152,42.05047344999691,2.166942872368034,63.06307026360068,Sp0352+0210
24751.863806526566,None,30.871135087851293,34.92249958740209,44.86874312188196,22.77398689297642,54.751863806526565,Sp0352-5955
49846.21678472573,None,28.93244697409497,35.97708764642552,53.13072788074061,16.507781346478833,79.84621678472573,Sp0353-3441
119780.3755151304,None,6.111365283151773,13.291811757313871,27.417930142011492,-6.200464355087963,41.97803755151304,Sp0354+2316
109898.40590275229,None,5.4606740001817595,12.865120095321153,26.56665698197025,-6.450866677709686,40.98984059027523,Sp0354+2416
17066.823231480546,None,0.872457745241917,7.341474627943746,19.655671542227214,-10.290271913922375,31.706682323148055,Sp0354+3333
49713.23256888634,None,23.019195144083035,31.412313113478316,49.841756891295546,9.494721556406068,79.71323256888634,Sp0354-1437
32613.63712245366,None,15.652623739077104,24.56668145679062,41.05422704721835,2.8007732651185138,62.61363712245366,Sp0355+0237
20600.552089636978,None,10.117331668858181,18.32275743456414,33.36208361187678,-2.351500743319543,50.60055208963698,Sp0355+1439
-0.5,None,-3.242181976182586,3.4383327341769503,13.729998507759744,-12.558084572721922,24.499911979294982,Sp0356+4047
197876.69181620274,None,9.344246143663135,18.225555002692815,32.48212047280012,-2.317656856025061,49.787669181620274,Sp0357+1529
-0.5,None,-3.5440248671730985,3.3540917876519765,13.370389826784827,-12.543242805995115,24.164468416449125,Sp0357+4107
48062.1927860354,None,21.605787028056767,31.54022387377977,48.41267352793661,9.537602799245697,78.0621927860354,Sp0357-1249
81201.60214362663,None,3.209166886511364,11.93443735080056,23.801684073274025,-6.797180395515439,38.12016021436266,Sp0358+2710
52300.26817532931,None,1.8254080837160525,10.171939290334555,21.69613282760259,-8.03781189961926,35.23002681753293,Sp0358+3003
54487.49308226677,None,23.30758636994694,34.202987752534725,49.989002160052344,12.539025007697918,84.48749308226677,Sp0400-1913
64748.25833543974,None,1.8517957038054784,11.452219386558237,22.16284813543304,-6.914352144204642,36.474825833543974,Sp0401+2849
-0.5,None,-5.312056992344943,2.485704610302181,11.115783923913172,-12.760064439179915,21.84157208112628,Sp0401+4327
90378.49054010643,None,2.82779009669954,13.241550040500865,23.8181253323465,-5.551461287514331,39.03784905401064,Sp0403+2616
-0.5,None,-4.8461795936818115,4.1854037736904575,12.28120351423096,-11.456977891527103,23.84663074453485,Sp0404+4127
51142.646537141576,None,20.600504183223943,34.724670416764184,47.396065850149846,12.810206909312802,81.14264653714157,Sp0407-1552
27572.804458719078,None,10.608427256338487,24.684671457882118,35.52421093829801,3.443878378163479,57.57280445871908,Sp0408+0742
50077.366579030386,None,19.90784744797377,34.701073909574234,46.72089816119748,12.734276987488652,80.07736657903038,Sp0408-1450
41340.74959417996,None,16.32034096804334,31.5421166784263,42.88481065902112,9.488645514827601,71.34074959417995,Sp0409-0605
221948.1194077953,None,7.598681982233602,22.304104258108215,31.660407810847758,1.6901681640018411,52.19481194077953,Sp0410+1304
50151.02599924181,None,19.48534120475221,35.23284105623252,46.29283528490688,13.26408082024652,80.15102599924181,Sp0410-1459
-1863.226183171072,None,-4.398764944807372,8.319753999345261,14.301684213175717,-8.046505091418421,28.136773816828928,Sp0413+3709
57003.19373462917,None,22.815115635608155,39.12172230252382,48.53137724501809,18.188404325602086,87.00319373462916,Sp0413-2704
221146.85658233348,None,6.240352355912006,23.45989497205273,30.459734893171806,2.967061890151165,52.11468565823335,Sp0416+1310
25075.260192603542,None,27.93127114843989,37.8600846227898,42.46287758984624,25.648940514741227,55.075260192603544,Sp0416-5935
187271.5207975297,None,4.528289900011266,21.643422947719838,28.138423198518954,1.6246059139329003,48.72715207975297,Sp0417+1634
43288.712249518656,None,15.216677792615382,34.20372961061336,41.94054790335955,12.133857104707072,73.28871224951865,Sp0417-0800
56681.74118979395,None,20.16053384683551,38.80123809821041,46.56730570541075,17.209395029885723,86.68174118979395,Sp0417-2129
-0.5,None,-7.9162286065598675,5.706174858824164,9.540340931014525,-9.253075314202016,22.757866090824777,Sp0419+4233
50289.55333009271,None,17.341162209647067,37.39555219893579,44.129379050922125,15.393341664058802,80.28955333009272,Sp0420-1458
14582.69757294952,None,27.415521114474995,34.54916085577074,36.92470474795797,26.4939637136222,44.58269757294952,Sp0420-7005
21582.266032484356,None,27.42256626594473,37.321755062840936,40.349478731953006,26.484237999887302,51.582266032484355,Sp0421-6306
48580.174986295504,None,23.488322456754887,41.97698968382281,47.160860576106444,22.569630530573168,78.5801749862955,Sp0422-3606
39544.781415602134,None,12.279553610949938,33.96155198915018,38.83920708506006,12.018755656535253,69.54478141560213,Sp0423-0414
112770.96658254792,None,-0.4669622340996576,18.51768619820942,21.860572084536255,-0.1311612346929925,41.27709665825479,Sp0424+2402
31684.496003410237,None,8.380938990534336,30.681263937771593,34.24672407917159,9.287255919841801,61.68449600341024,Sp0426+0336
263069.9009595633,None,5.850149418703265,27.93621736718287,31.018585929477634,7.111566564929129,56.30699009595633,Sp0427+0859
277935.61099417094,None,6.13535894644023,29.126091011801076,31.554414120858986,8.157164270112075,57.7935610994171,Sp0428+0728
530776.5145269634,None,20.821265245462392,43.11340185723504,45.58539658066032,22.7332997109765,83.07765145269633,Sp0429-3123
405292.7621304454,None,24.056028867713366,42.959411504913064,45.18480845409238,25.548800239893644,70.52927621304454,Sp0429-4405
178378.36609605502,None,26.639202001835343,36.673307852387495,37.860260257247596,27.37747569374268,47.8378366096055,Sp0429-6649
439938.814610813,None,12.542599406857642,37.52283971202779,39.339293377084616,15.463107737896346,73.9938814610813,Sp0430-0849
-0.5,None,-16.862962954259952,-5.171496109334464,-4.748215531282666,-15.034974366357476,4.710746036355175,Sp0431+6035
419038.3092529606,None,11.273795082131889,37.007455232624565,38.013419483948546,15.010335354797512,71.90383092529606,Sp0432-0639
-0.5,None,-15.66504103978612,-2.2064733076906133,-2.0972745386806295,-13.159008382273417,8.723960386552683,Sp0433+5635
523818.51209496177,None,20.104098099111265,44.16522195778156,44.657339586428705,23.893022242090623,82.38185120949618,Sp0433-3210
124068.89622956264,None,-2.094342174953983,21.071454605140907,20.814164514173093,2.5027151601017,42.406889622956264,Sp0435+2254
495125.0385916143,None,13.678987180879192,40.579962999281115,40.447154363569815,18.52015135579189,79.51250385916143,Sp0435-1414
513705.5540140783,None,14.382269260672471,41.2118208788928,41.07456430006806,19.202334918015705,81.37055540140783,Sp0435-1606
-0.5,None,-12.935157889192691,4.04028702169705,3.4735868649246777,-9.049863305686484,17.155916558284556,Sp0436+4810
-0.5,None,-14.43040344662089,1.1724521790798255,0.6916537875778224,-10.888639173692697,13.126386404215456,Sp0436+5211
587467.8143138215,None,16.73893774400461,43.59590824573588,42.756953629598236,22.08517625943128,88.74678143138215,Sp0436-2338
190648.57533985865,None,-0.06973380863557903,26.05782268506243,24.22760525352195,6.49063859412056,49.064857533985865,Sp0439+1615
591799.0008358102,None,16.373036004188556,44.11767097776715,42.34073860524164,22.619040917475985,89.17990008358102,Sp0439-2353
520754.90150914306,None,19.102761621849492,45.372760055826674,43.509885706439505,25.14408661050756,82.0754901509143,Sp0439-3235
235900.6144832329,None,25.16206607294396,40.05718920904584,39.22891545330014,28.58750560562276,53.59006144832329,Sp0439-6105
408285.7483011881,None,9.038495797296957,38.21646850815896,35.76862121482714,16.30639673869197,70.82857483011881,Sp0440-0530
492558.6506989147,None,12.046238358611776,42.01031371842716,38.802982915461804,19.935899527664287,79.25586506989147,Sp0442-1356
526068.9517918513,None,18.219851504243646,46.08595357963266,42.71844789746,25.73094912321357,82.60689517918513,Sp0443-3202
477047.28653160785,None,19.397301894405377,46.45590074635236,42.67977093135645,27.119346639569564,77.70472865316079,Sp0444-3655
256588.44017813003,None,1.4910121478114984,31.24814837161636,26.941054509204488,10.850626800213506,55.658844017813,Sp0445+0938
413332.70439497964,None,8.174003576238357,39.52760913662643,34.94173789333393,17.618748413344488,71.33327043949797,Sp0445-0602
537315.0798516535,None,17.260343864382172,46.60192508645729,41.99273379012051,26.01010835519584,83.73150798516535,Sp0445-3048
479085.47456465656,None,19.159488442914622,46.644412594321004,42.49405614476805,27.25253158930805,77.90854745646566,Sp0445-3642
312942.00292311545,None,23.174560681065238,43.644550162459666,40.70381564352014,29.31692743942614,61.294200292311544,Sp0445-5321
-0.5,None,-14.639437922968032,4.746127653141243,1.9081935357722482,-7.898864940899717,16.566640886655236,Sp0446+4844
206758.82122879926,None,-1.1089963636890938,28.609412849621158,23.658997052749278,8.985165790331164,50.675882122879926,Sp0447+1436
69732.6480651477,None,-6.943158698837868,19.53021717143827,15.183180646731916,2.3546556308951736,36.97326480651477,Sp0447+2819
380125.14308916,None,21.34110979556544,45.856239475486454,41.51779302450409,29.22315828481733,68.012514308916,Sp0448-4636
-0.5,None,-16.06332881713812,2.9289409239745976,-0.36129702893962967,-8.895997579325305,13.66630316419746,Sp0449+5138
376981.0709852966,None,5.807562792133044,38.68053795053294,32.44785241015099,17.031245280362494,67.69810709852966,Sp0449-0228
321919.3957996324,None,2.984843624049123,36.19858519975278,29.251893493813103,15.101378201012537,62.19193957996324,Sp0451+0305
504925.045932476,None,17.27871887687301,47.80443490001373,41.23885124420812,27.800337310977433,80.4925045932476,Sp0451-3402
263284.0585107647,None,23.24936146893916,42.59253937580391,38.64600037004934,30.181708688592764,56.32840585107647,Sp0451-5818
147580.6180342937,None,-4.917817323038259,25.795292055322296,18.97078401766606,7.339136254942228,44.75806180342937,Sp0453+2033
531066.7287518028,None,11.0288979745594,45.88404833931041,37.505368208234614,23.88371498276933,83.10667287518028,Sp0453-1751
348935.8244572632,None,21.148915664250694,45.98176246240357,40.12310367177011,30.435760117255402,64.89358244572632,Sp0454-4945
325882.6308576127,None,2.1665424279703065,37.27965963321774,28.5109598153823,16.212456392985203,62.58826308576127,Sp0455+0244
-0.5,None,-17.34970743018548,2.642153693661855,-1.8760185882439855,-8.676207552387156,12.460480259103699,Sp0455+5252
575518.7116546667,None,13.986952802062003,48.32158695878412,39.32214539399966,27.09163242164655,87.55187116546666,Sp0455-2701
448764.03931594524,None,7.147973206714198,43.480542299237015,33.965978974122116,21.474299762727508,74.87640393159452,Sp0456-0932
-10307.938495438017,None,-11.957236623638957,15.179295960302262,8.512159951007902,0.012069606001973503,28.9692061504562,Sp0457+3622
508431.525193063,None,15.454362117336897,49.6597233000275,39.372401173170445,29.570729478758604,80.8431525193063,Sp0459-3348
318185.53662953916,None,0.7435867667160492,37.836781405638156,27.076191905088955,16.944415968972056,61.81855366295392,Sp0500+0330
306266.2698579555,None,0.14121662011498845,37.237303281221195,26.376742976963737,16.5018952790643,60.62662698579555,Sp0500+0442
572742.8390605516,None,12.29393714239503,50.157810128763934,37.52756163449227,28.888756375934506,87.27428390605516,Sp0503-2705
266833.1502196117,None,-2.564207143681176,35.80334668611487,23.345266120709663,15.713822505352748,56.68331502196117,Sp0505+0836
346686.0164340561,None,19.21462153141581,47.86097618142246,38.06556871862779,32.490759254720565,64.66860164340561,Sp0506-4956
19946.571810653884,None,-13.064323959936614,19.045444129439286,8.521171285291752,3.6547936885042365,31.99465718106539,Sp0508+3319
519249.7451972548,None,7.230558070361109,49.05313174001988,33.68202595224918,26.986321270649754,81.92497451972548,Sp0508-1647
80916.41008428419,None,-11.090560375770766,23.791969849674008,11.917755502220105,7.1884491963910175,38.09164100842842,Sp0510+2714
385240.44024129864,None,17.409305470553637,49.795903619038135,37.62490108061521,33.1255506748634,68.52404402412986,Sp0511-4606
383312.2541252675,None,17.35944828514077,49.84655956662736,37.5002791667532,33.24929498180177,68.33122541252675,Sp0511-4618
581350.470299499,None,10.161032802345414,52.023162088194866,35.42734622977628,30.601667713990743,88.1350470299499,Sp0512-2617
547248.4912137666,None,11.622528109314315,52.19131846560574,36.25586468351044,31.293015123980833,84.72484912137666,Sp0512-2949
-0.5,None,-21.75244146919673,-0.45244958422040216,-8.018983165127512,-9.510324883012501,6.160609249058997,Sp0515+5911
-0.5,None,-22.725978904281476,-4.644318144136216,-11.043709188117683,-12.336126065159256,0.9338178470428771,Sp0515+6424
-0.5,None,-21.38416976283486,1.6691123893863005,-6.683553208273453,-7.9861965610768,8.677013021289325,Sp0516+5640
563726.6565472638,None,9.840211299988448,53.38615460464036,34.69701362352544,32.210401051240204,86.37266565472639,Sp0517-2816
508339.7649144931,None,12.023442954386473,53.32817931567088,35.72813020382687,33.185164768862,80.8339764914493,Sp0517-3349
107479.53612586464,None,-11.788979164860656,26.97199207955756,11.953934875154381,10.149889147519964,40.747953612586464,Sp0518+2435
-0.5,None,-24.609636777392378,-13.975471886983842,-18.07193472421455,-18.179872401246886,-11.0996935438832,Sp0520+7626
299943.0241144701,None,-5.099834078219362,41.206892594275054,21.316250420633576,21.05679017109882,59.99430241144701,Sp0522+0518
-2347.867404106623,None,-16.39563579310014,19.05290768668498,4.995960518934607,4.6765845054722535,29.765213259589338,Sp0522+3534
-0.5,None,-22.338350043174884,1.097659090526271,-7.976985511247054,-8.077629012234635,7.439789726722663,Sp0522+5754
353553.55036163714,None,-2.704276772566347,44.33114868297935,24.009407894944836,23.404897011196056,65.35535503616371,Sp0522-0002
-0.5,None,-19.908650672713716,10.59021984807477,-1.5388739247165444,-1.2926165952761604,18.940490417320003,Sp0523+4623
492701.39778935205,None,2.8509243643407096,51.46536011643557,29.394483645912956,29.408949233226036,79.2701397789352,Sp0523-1403
285124.7117490987,None,18.542654203350306,47.43211566920129,34.85223182559751,34.652005572657956,58.51247117490987,Sp0523-5607
76697.2562850468,None,23.305797664960053,34.29154238815879,29.87443876109899,29.682654827111957,37.66972562850468,Sp0523-7658
142555.35025738014,None,-11.903932086223818,30.66586857963856,12.6317128726793,13.405858560600167,44.25553502573801,Sp0525+2102
341586.66552898777,None,16.274147217239662,50.636353100409885,34.79485538696756,35.717439380612525,64.15866655289878,Sp0526-5026
323397.86922495597,None,-5.354372569563461,43.73420593691875,21.254491837268613,23.364983758300692,62.3397869224956,Sp0528+0258
-0.5,None,-20.91206730875886,10.406643088535088,-2.6780354910756476,-1.0982023883811682,18.144195815570185,Sp0528+4712
552626.0145848545,None,4.003447313742442,54.784019553974105,29.944491902946936,32.765719757509515,85.26260145848545,Sp0529-2002
202827.5370595979,None,-10.75583766732118,35.91592942580171,14.767656949128295,17.702541411377513,50.28275370595979,Sp0530+1503
-0.5,None,-24.140421757132298,-2.43358517064161,-11.575034932850835,-10.10299683967072,2.464589457462656,Sp0530+6253
330801.3333395398,None,-5.790569056601234,44.802278437260256,20.873420592644216,24.406916237284367,63.08013333395398,Sp0531+0215
310402.1944608193,None,-6.9806928288858945,43.78210886076235,19.585217351525216,23.74764035242634,61.04021944608193,Sp0532+0418
26829.879106369463,None,23.72549042080871,30.8495361315167,27.798396281795487,28.126952797294262,32.682987910636946,Sp0532-8157
319670.90062497795,None,-6.730778821726376,44.49141108124491,19.89039109596464,24.32490312450898,61.967090062497796,Sp0533+0323
-23165.20355379364,None,-19.171716262232366,18.70069926656474,1.9611910591107686,5.26186649102705,27.683479644620636,Sp0533+3740
-0.5,None,-22.598815789168007,7.8287998967220815,-5.464957941614344,-2.610973095915436,14.454385329196521,Sp0533+5054
505522.40011534013,None,0.8542539863602926,54.436491580268004,27.228560479159054,32.37776788312203,80.55224001153401,Sp0534-1511
448751.07831635064,None,-1.6709974783100146,52.14979833914646,25.04352348217347,30.399334050774037,74.87510783163506,Sp0535-0931
436151.83019903314,None,-2.6619680761613926,51.984830279723845,24.088925433887734,30.366757400295995,73.61518301990331,Sp0537-0816
-0.5,None,-21.135732931789246,16.923038993288568,-0.6648734903286766,4.407828986551708,24.70570676161328,Sp0539+4038
-0.5,None,-22.706052066549315,11.416838362156371,-4.220488499793483,0.3598888718369505,18.136657339778647,Sp0539+4712
-0.5,None,-23.87706793433362,6.645447494142685,-7.312073015272318,-3.102746263623815,12.452507351468853,Sp0539+5253
363113.38398873433,None,-6.3333681550169505,48.4593111486017,20.466562377756674,27.782334488719318,66.31133839887343,Sp0539-0059
374941.6068160261,None,13.241244451971857,53.8844643487846,32.81025378163165,37.92391813984483,67.49416068160261,Sp0539-4708
286398.35607596295,None,-10.661484974132465,44.39456608360603,15.849987508688532,25.145480746279922,58.6398356075963,Sp0544+0639
463534.81808003865,None,-2.9469244924600972,54.85856031158533,23.63989044267394,33.0594615348132,76.35348180800386,Sp0544-1109
483488.02932028205,None,-2.143255999124056,55.81016439678516,24.30986044070526,33.87403148122534,78.3488029320282,Sp0544-1309
579330.8367523925,None,2.9593700470893682,58.876835326089704,28.10075185865254,37.11358212091265,87.93308367523925,Sp0544-2433
-0.5,None,-25.89414113141989,5.547457871579352,-9.944981996451274,-3.2307476280879284,10.180440191640976,Sp0551+5511
354039.00883750635,None,-9.59985159219891,50.32380003917074,17.208645487429898,30.130859310243448,65.40390088375064,Sp0552-0002
197611.75481617925,None,17.951529141736273,44.66992338824109,30.307626060623104,36.06544210728726,49.761175481617926,Sp0552-6452
130701.06494302294,None,20.07235805031786,39.66595836205739,29.31029615895202,33.59812988268277,43.070106494302294,Sp0553-7133
192204.3146050676,None,-16.72004604350347,38.999212403497545,9.035972624956743,22.068105273073204,49.22043146050676,Sp0555+1608
305838.0579016393,None,13.56867853935084,52.33427835526191,30.42643355198161,39.47972549187876,60.58380579016393,Sp0555-5402
273169.7282501633,None,-13.763501614792133,45.32908879673878,12.745767635265711,26.776527721593467,57.31697282501633,Sp0556+0802
195962.1509598393,None,-16.712700709550152,39.38506209428465,9.095765545521466,22.403929479095623,49.59621509598393,Sp0556+1546
460672.1104899805,None,6.736285490664597,60.19587082525164,28.655592782583504,41.45027557227397,76.06721104899805,Sp0556-3832
345434.6096521367,None,-11.152499468075339,50.75981867916229,15.653060829728393,30.880023096022995,64.54346096521367,Sp0557+0048
182160.88077769172,None,-17.50778016043343,38.481914641109235,8.152986377411313,21.8513722900469,48.21608807776917,Sp0557+1708
240592.49254135025,None,-16.205440534330215,43.725786517254996,10.112544527349964,26.060716878329934,54.059249254135025,Sp0601+1115
-38377.49821292235,None,-25.090059843639605,20.464026135626614,-3.7063221226829475,8.742189133542759,26.162250178707765,Sp0602+3910
444902.13841453014,None,-7.890508513197832,57.89875223975568,18.6852201904486,36.53501238032656,74.49021384145301,Sp0602-0915
452522.1359144554,None,-7.345501101908812,58.124401166229596,19.189028602500414,36.64825157374033,75.25221359144554,Sp0602-1001
31658.02695408324,None,22.50311144679904,31.92249806795964,26.84598081012574,29.36613375759129,33.165802695408324,Sp0603-8127
130249.79053982804,None,-20.92767869227624,35.21680222213402,4.118368486313193,20.06622751059647,43.024979053982804,Sp0604+2219
62442.786257138396,None,-23.020427178722354,29.4507972443628,0.809604556643365,15.737659803687968,36.24427862571384,Sp0604+2906
19804.73960777971,None,-24.092604245299178,25.720845856193666,-1.1993880717167362,12.881887803123014,31.98047396077797,Sp0604+3322
582464.1386857012,None,-1.6598672747174787,63.47960415979622,23.308132358721714,41.56426094856587,88.24641386857012,Sp0605-2342
108713.38006468832,None,-22.263715327131433,33.735931786945095,2.4769859769977725,19.209746508548303,40.87133800646883,Sp0607+2429
-0.5,None,-27.23748807752956,15.009173738015534,-7.732983990176203,4.934340349142906,19.530117295954593,Sp0607+4550
246734.85602367565,None,-17.58259526692217,45.23630909330098,8.842332182051763,27.79713325903604,54.67348560236756,Sp0608+1041
469586.0577740643,None,4.077344600591298,62.8814059542788,25.997120838239077,43.99026349361044,76.95860577740643,Sp0609-3739
508484.5649891979,None,2.0270218659425914,64.24390627774991,24.894315465714186,44.15191069990561,80.84845649891979,Sp0610-3346
19529.091236685155,None,-25.631464751335226,26.430851500917722,-2.6062744174417234,14.0172190583457,31.952909123668515,Sp0611+3325
-0.5,None,-28.50908988795366,-5.061995226437724,-17.80910167761802,-10.25645533319066,-2.9272538599963878,Sp0611+6818
334698.58799258794,None,10.104719208760367,56.07917606008979,27.799611190462812,42.54233480575503,63.469858799258795,Sp0611-5109
-3184.6031247706997,None,-27.247895616497505,22.092213183621332,-5.46395291238419,10.874741920638249,26.8153968752293,Sp0614+3833
-0.5,None,-28.446999685749525,15.762288588077487,-8.74159411522737,5.994476845125856,19.761556987651208,Sp0614+4536
556571.4353088083,None,-5.1399919373563465,64.90372559142362,20.200086145129347,42.822144394989145,85.65714353088083,Sp0614-2019
363677.31976302294,None,-14.437989782635228,55.27153166287775,12.372571841088075,35.68922537181826,66.3677319763023,Sp0615-0100
-0.5,None,-29.20148235860217,12.119618176747558,-10.862112405675365,3.2809451905332487,15.602254681610479,Sp0616+4946
-0.5,None,-29.52179208915037,5.050280971182223,-14.099687569265292,-2.2360019719065485,7.879012782652263,Sp0616+5729
386521.0551025872,None,6.9900679317549645,59.93989509121096,26.36301764435175,44.38189826403795,68.65210551025872,Sp0616-4557
317562.36648674635,None,9.777027838943003,55.834413450601204,26.731201461641298,43.296098644252986,61.75623664867464,Sp0619-5249
194141.8277149213,None,-22.55908734035925,42.78297373679376,3.540304228564407,27.237630921441667,49.41418277149213,Sp0621+1555
510296.8135600051,None,-9.067917344483451,65.2577802929645,16.736141549104328,43.404123132545834,81.02968135600051,Sp0622-1548
570222.2931515363,None,-5.873665045959325,67.16390882539203,19.054084375656206,45.11237665972614,87.02222931515362,Sp0622-2211
88400.67000582245,None,-26.230437703007485,33.68874394150233,-1.5885083990132882,20.51344274957727,38.840067000582245,Sp0623+2631
-0.5,None,-30.436141364610567,10.869078902502839,-12.658228387548302,2.729741796742537,13.76321075378018,Sp0623+5137
159636.00263810682,None,16.62514269814959,43.51274968722715,27.04878205733206,37.200357194634925,45.96360026381068,Sp0623-6838
71222.59354420862,None,-26.92200281585607,32.25212006610288,-2.5821775702585055,19.502245716603603,37.12225935442086,Sp0624+2815
-0.5,None,-29.9931447157945,-2.8273212966263097,-18.355095739750542,-8.009174159378983,-1.0545632014759643,Sp0624+6626
392220.89332664735,None,5.3812624466542625,61.49985774364128,24.767792072606575,45.9811210167476,69.22208933266474,Sp0624-4521
459239.1126802288,None,-12.139272990766134,63.21326252498491,14.157602726148845,42.09448808572146,75.92391126802288,Sp0625-1034
346867.5253031974,None,-17.58006333224883,55.84635280495012,9.234944311919675,37.10451335920299,64.68675253031974,Sp0626+0041
477.26656340356044,None,-28.969518282908897,26.44999289478676,-6.0309220404279555,15.205137148140698,30.47726656340356,Sp0626+3454
-0.5,None,-31.02102462734312,6.208993165557892,-15.222875558313921,-0.7482006155462573,8.529683453585642,Sp0627+5651
540585.4639109464,None,-9.198589408274541,67.9855742197076,16.128757684703626,45.967516656697725,84.05854639109464,Sp0630-1840
78941.16777598186,None,19.60519985860301,36.68415382322257,26.207066337863733,33.13188448617893,37.894116777598185,Sp0630-7643
-0.5,None,-27.00251015907318,-18.133784227366398,-23.479882091390625,-19.673613986702637,-17.69056336229338,Sp0632+8305
455359.8057249843,None,-13.844390406449314,64.35383291639639,12.417679583177167,43.48781735549262,75.53598057249843,Sp0632-1009
344323.82325362484,None,6.731341248088124,59.13066322750318,24.379188027478204,46.000791741581864,64.43238232536248,Sp0632-5010
111455.60992558906,None,-28.059750293905733,36.8744393310112,-2.8651052159777874,23.954857409017073,41.145560992558906,Sp0634+2413
393997.04152957356,None,-17.4615826964117,60.87967205263821,9.184405428118081,41.4650108448398,69.39970415295736,Sp0635-0403
580797.7178779781,None,-8.588487386523266,71.53296977538844,15.720045160959808,49.53064444319276,88.07977178779781,Sp0640-2352
411739.8015713499,None,1.8214448093605702,65.03869463550318,21.448623628700005,49.28980358289295,71.17398015713499,Sp0641-4322
17471.886728391943,None,14.316590127059893,45.710573614383556,25.196370570653194,39.54043597555774,47.471886728391944,Sp0642-6707
18853.884315071427,None,-27.589721816244456,44.7023719034087,-1.3356510389342104,30.72278906264289,48.853884315071426,Sp0643+1631
377584.03216411767,None,-20.028188983721897,60.94480847084469,6.649217328483796,42.36141758894572,67.75840321641176,Sp0643-0223
54014.702076009286,None,-11.864931171810568,70.9478497357394,13.23103322824919,48.99749968660959,84.01470207600929,Sp0643-1843
-0.5,None,-30.674340968978385,-7.570748058394506,-21.67592802286976,-11.087547216157981,-6.712699027210002,Sp0644+7206
55812.456456846645,None,-6.717797111163547,72.28368955571956,16.57052004064779,51.00182347702911,85.81245645684665,Sp0644-2841
2212.106457444207,None,22.396144762791845,29.855444942810884,25.205718905615413,28.532394690670902,30.22121064574442,Sp0644-8422
57213.60761097195,None,-10.893900764555218,72.623581931101,13.642800921570636,50.54144255250253,87.21360761097195,Sp0646-2150
18980.682195308334,None,13.002742967241952,47.33373304960639,24.432598754799912,40.917430408352296,48.98068219530833,Sp0648-6537
-0.5,None,-35.01553720992582,16.599563524587342,-15.311766689486014,9.125274440272984,18.219608697717238,Sp0652+4710
51564.74516480817,None,-15.128781230858985,71.94036058663127,10.15573637560865,50.43750094048215,81.56474516480817,Sp0652-1614
58648.602397966824,None,-9.933635735093198,74.3298281913319,13.79999043238527,52.46908840503496,88.64860239796683,Sp0652-2534
-0.5,None,-27.588207282246213,-18.118518785189448,-24.212646060738226,-19.366823486968595,-17.896233229983782,Sp0655+8318
131673.06802278367,None,-32.235558036831684,40.63214819740437,-6.479558368481229,28.855958530807943,43.16730680227837,Sp0656+2211
-0.5,None,-32.510515266096874,-4.004841168704864,-21.859375609206825,-7.787913788788939,-3.2891611831088223,Sp0656+6841
18092.71240758334,None,-31.620138981818787,45.551688141329976,-5.28802530991899,33.04938259230554,48.09271240758334,Sp0659+1717
16028.71192925533,None,-32.15490112679945,43.57341202283133,-6.027033328611671,31.47269275319864,46.02871192925533,Sp0659+1920
3437.20994785226,None,-35.36822488217866,31.647415388758866,-11.24987739300488,22.08125254329173,33.43720994785226,Sp0700+3157
23541.201739638844,None,9.133373460090219,52.16045768088022,22.159438270579468,44.88286152665349,53.54120173963884,Sp0702-6102
28215.281606529737,None,-28.59092902786022,55.21379349850845,-1.7727333732449841,40.58706974746271,58.215281606529736,Sp0703+0711
-0.5,None,-36.896047404204545,17.702287696733748,-16.866519152443523,10.751976502928995,18.87153422282342,Sp0703+4632
56714.638817516854,None,-10.707787439324482,76.59499004100263,12.305903476983199,55.1508814491326,86.71463881751686,Sp0703-2748
52294.77691277899,None,-8.091047847584832,75.11697243113233,13.922138151671218,55.18410896986435,82.29477691277899,Sp0703-3216
23019.218046525155,None,9.362723064792714,51.70917455860177,22.168668024148165,44.64833958698105,53.019218046525154,Sp0703-6134
32435.979471689658,None,-27.174745361930327,59.22117911602278,-0.3998279045005199,43.620653129681244,62.435979471689656,Sp0704+0258
4763.757832067164,None,-35.88310905358455,33.11343993741569,-11.44371521638911,23.571763279564163,34.763757832067164,Sp0704+3038
-0.5,None,-37.15944333926716,16.631904007857603,-17.52941639569105,9.971091754255431,17.697823342490548,Sp0705+4742
12827.917000744868,None,-34.61323763161601,40.99870500782342,-8.797654399193274,30.128974872869122,42.82791700074487,Sp0706+2234
-3561.1345227147062,None,-37.341871946644076,25.180262252782665,-14.89836734106385,17.22088971337105,26.438865477285294,Sp0706+3858
56867.79543735672,None,-11.53298375506916,77.54753378765105,11.3880231211788,56.096759648901134,86.86779543735672,Sp0707-2742
35577.68697442486,None,1.3338257010060361,63.395471634821256,18.519460576896776,51.76465748424925,65.57768697442486,Sp0707-4900
10071.569176888253,None,16.353001129388804,39.60765825379667,23.635591154013287,36.447304198309766,40.071569176888254,Sp0710-7431
-0.5,None,-38.332965681647906,20.97024368474682,-17.214021999378733,14.026590085205758,21.904611271035407,Sp0711+4329
54471.37346095845,None,-10.775433594092615,77.59457858304758,11.542566122670802,56.92452947494739,84.47137346095845,Sp0711-3001
46146.88275073136,None,-5.6266752482074605,72.50750567496233,14.61460698362553,55.880160475580084,76.14688275073136,Sp0711-3824
-0.5,None,-38.53863215954925,17.08834904084363,-18.79087777054611,10.878350891624727,17.848345581219046,Sp0713+4732
-165.93590850631514,None,-38.71095457497535,27.393885554683834,-15.654724634443571,19.657689783849655,28.34064091493685,Sp0714+3702
47002.18864791341,None,-22.230878248634216,73.25358610671107,3.254339552251689,53.89349900450453,77.00218864791341,Sp0715-1145
18821.303972934635,None,10.778121730734897,48.18615810590127,21.68828385943519,43.000893797025675,48.821303972934636,Sp0715-6544
41827.244365182894,None,-25.226692105601572,69.01809308617909,0.8494541957526721,51.562908297626024,71.82724436518289,Sp0716-0630
45401.08627911763,None,-23.523763109386355,72.17238487869525,2.1419553670920535,53.54064478223669,75.40108627911764,Sp0717-1004
33702.14200165858,None,1.0307123869049768,62.49152308734587,17.285773121831564,52.520473119078815,63.702142001658586,Sp0719-5051
44158.27847653449,None,-24.711663032163475,71.38648109791262,1.0715090991207241,53.41914400237681,74.15827847653449,Sp0720-0846
1578.588015278055,None,-37.25608604052059,44.76902253383699,-10.960598862481856,34.6936017631421,45.78588015278055,Sp0721+1937
-181.76485974291802,None,-40.18510990756463,27.49337854062624,-17.10237155327015,20.31976088543004,28.18235140257082,Sp0721+3714
53463.37925553534,None,-11.93448299943129,79.1053638973075,9.827080241566021,59.18437386662445,83.46337925553534,Sp0721-3105
32679.543271630508,None,-30.906211911446356,61.077554281106345,-4.211141900791278,47.07365904425877,62.67954327163051,Sp0722+0243
-0.5,None,-38.393901261195325,7.599038665651163,-22.604476138916727,3.2532851029858527,7.97102404918218,Sp0723+5727
50078.64826811795,None,-22.214777822031255,76.73396985153342,2.7015191136411794,56.85991097863006,80.07864826811795,Sp0723-1439
51680.07183913534,None,-21.119660192523874,77.77323226607753,3.5616981536846737,57.257994410230026,81.68007183913534,Sp0723-1616
51417.733173688095,None,-10.945663978526152,78.1140827964768,10.256571218909057,59.3938503095325,81.41773317368809,Sp0723-3309
4328.640856785427,None,19.138490009976433,34.1677017865368,23.71743997076573,32.494505302968385,34.32864085678543,Sp0723-8015
-0.5,None,-37.199103208089845,2.139767784682026,-23.9642010490565,-1.3529260551918065,2.388033328186527,Sp0726+6302
-0.5,None,-32.16781824721015,-10.583153726534668,-25.226572533186193,-12.423977227815948,-10.478459937137725,Sp0729+7554
5809.127835858822,None,-16.358978526259037,82.64775070563593,6.280917515614697,60.87741294617095,88.09127835858823,Sp0729-2608
4158.777485730586,None,-5.396409440211764,70.45019912607601,12.993437313643971,57.72639486344262,71.58777485730586,Sp0729-4258
1950.7851581757363,None,-38.15027605054208,48.86961304860119,-11.508015042056904,38.96406613016164,49.507851581757365,Sp0730+1553
3903.40045525884,None,-29.62397076993078,67.810169228447,-3.4481913661759105,52.76515345464175,69.0340045525884,Sp0730-0339
3255.3054832044027,None,-33.04073398855922,61.670428236077846,-6.396604446755357,48.761563497405156,62.553054832044026,Sp0731+0249
94.52290926486917,None,-42.236829841448994,30.587714540809863,-18.33061614474358,23.851867561658867,30.94522909264869,Sp0732+3427
-0.5,None,-39.395914407537084,7.285070450666509,-23.843191218011274,3.4175330451249533,7.481349502125117,Sp0732+5755
5515.291271340124,None,-20.797600964833546,82.22532394841191,2.9328721813108056,60.831361330370264,85.15291271340124,Sp0733-2010
4097.987981969328,None,-5.6798204197028825,70.24943505215263,12.39641454583155,58.27507166057808,70.97987981969328,Sp0734-4330
-0.5,None,-38.56667621951403,3.646771112922243,-24.723914098822856,0.33214302119774075,3.786437077498758,Sp0735+6137
1218.4551807928642,None,-41.633021745355656,41.85336774874475,-15.60392060681294,33.89062893196517,42.18455180792864,Sp0737+2313
5851.739857068472,None,-18.229068123353237,84.57774391125425,4.314257187472414,62.65673196522502,88.51739857068472,Sp0737-2526
3511.338713495478,None,-2.251256938609591,64.73819799587172,13.852454902100407,55.915347946401255,65.11338713495478,Sp0739-4926
2038.9611595026026,None,-39.94956000919532,50.062522573470524,-13.223694519439748,40.98715489418529,50.389611595026025,Sp0740+1502
5281.084262423885,None,-23.752286268402013,81.31914343997528,0.3078181405131061,61.53836211337242,82.81084262423884,Sp0740-1724
2989.5989272164625,None,-36.60747489900208,59.53562462492636,-9.895665113647723,48.65090144522681,59.89598927216463,Sp0741+0531
1778.2142319443856,None,-41.046192954517075,47.50475629186762,-14.455445713919895,39.025756859907546,47.78214231944386,Sp0741+1738
3942.0138924952753,None,-31.683434330386508,68.85911663639378,-5.686903805381108,55.05086074912853,69.42013892495275,Sp0741-0359
4253.132486314293,None,-30.168311668621925,71.93234710195662,-4.5521216243444735,57.10401977582281,72.53132486314293,Sp0741-0706
5596.266052140631,None,-17.148457628111593,84.34756190199616,4.489894374544462,64.04833142716524,85.9626605214063,Sp0743-2836
3631.09776180051,None,-3.830227821534944,66.09824354090641,12.428923570390149,57.4625104621139,66.3109776180051,Sp0745-4815
1541.3606871054546,None,-42.99445138741735,45.287626904229704,-16.5492867915184,37.802451899883835,45.41360687105455,Sp0746+2000
3292.9568788871256,None,-36.53775328519124,62.77642487056887,-10.043893800932342,51.95471678649652,62.92956878887126,Sp0748+0228
-0.5,None,-40.34075863014234,3.894477961393266,-26.580758585198012,1.2560673975063537,3.8981922784803733,Sp0750+6131
5793.1144247167385,None,-20.463574516540397,87.50988895687966,1.619847739074251,65.6914549091342,87.93114424716738,Sp0751-2530
1917.618301206604,None,-43.15329928814187,49.17618301206604,-16.429208023689288,41.731550697638305,49.17618301206604,Sp0752+1612
2648.811042704621,None,-40.74061842929716,56.48811042704621,-13.960132947528354,47.93179877900212,56.48811042704621,Sp0753+0854
1934.5985679256842,None,-43.48818443749096,49.34598567925684,-16.751420816464297,42.07769187962702,49.34598567925684,Sp0754+1603
5855.379469813161,None,-22.132890086866215,88.55379469813161,0.12193574947480817,66.5142963089498,88.55379469813161,Sp0755-2404
4795.249700612325,None,-13.745869150034498,77.95249700612325,5.387150881449763,65.27159375235759,77.95249700612325,Sp0757-3635
4828.74373643093,None,-30.015460176392725,78.2874373643093,-5.647315145344732,63.64511447368327,78.2874373643093,Sp0758-1252
4479.309547133733,None,-11.554831979769844,74.79309547133732,6.692698474068136,64.04741806492773,74.79309547133732,Sp0758-3945
3203.6005429875454,None,-39.44837434484945,62.03600542987545,-12.992916917545443,53.121663391103944,62.03600542987545,Sp0759+0323
-0.5,None,-43.99305029878055,10.250085293633404,-27.407287404137115,7.568808079340571,10.250085293633404,Sp0800+5511
-0.5,None,-43.65053848882011,9.042249300338694,-27.62115990999429,6.498529219838248,9.042249300338694,Sp0801+5624
3210.93748918442,None,-40.03140779265865,62.1093748918442,-13.610654982359474,53.62529508490237,62.1093748918442,Sp0802+0319
2698.4660739575334,None,-42.74500399315619,56.98466073957533,-16.017623232493953,49.71947231223462,56.98466073957533,Sp0803+0827
3357.2898881251845,None,-39.6839344372387,63.572898881251845,-13.41416084134875,55.05979398329429,63.572898881251845,Sp0804+0151
3191.7604730462813,None,-40.53300843079581,61.91760473046281,-14.117149671772662,53.77444609705851,61.91760473046281,Sp0804+0330
-0.5,None,-41.592227066958266,3.549606210928753,-28.171482791040397,1.5296599767705752,3.549606210928753,Sp0804+6153
3113.387555207333,None,-41.28680856377004,61.133875552073334,-14.82659043773307,53.42291835229941,61.133875552073334,Sp0805+0417
-0.5,None,-47.00738295021527,17.227891859261327,-27.465103357067257,14.334812275060711,17.227891859261327,Sp0805+4812
4398.654067460913,None,-34.098261937973525,73.98654067460913,-9.208805931317244,62.73273477167353,73.98654067460913,Sp0805-0835
5254.818871763567,None,-18.130833748670046,82.54818871763567,1.8960199811350837,68.16219201393896,82.54818871763567,Sp0805-3158
5575.715287082499,None,-20.705757146510546,85.757152870825,0.08366809674437706,69.00728878113793,85.757152870825,Sp0806-2839
320.4067362659323,None,-49.469149382651715,33.20406736265932,-24.746364439079375,29.230119542757357,33.20406736265932,Sp0807+3213
5348.24068778546,None,-19.213939574695676,83.4824068778546,0.9751726270594936,68.87292443582126,83.4824068778546,Sp0807-3056
346.8189281631488,None,-49.588642075216775,33.46818928163149,-24.800519251389822,29.526483807398723,33.46818928163149,Sp0808+3157
4710.956650681773,None,-14.812987748939356,77.10956650681773,3.6378971908829945,67.10949104716416,77.10956650681773,Sp0809-3720
3194.4577715202818,None,-41.8747157853297,61.94457771520282,-15.54148989508391,54.839504992323384,61.94457771520282,Sp0810+0324
2102.6327631484505,None,-46.72970853981652,51.026327631484506,-19.912436221269544,45.63746268253951,51.026327631484506,Sp0810+1420
4320.015107432065,None,-11.942968477243504,73.20015107432064,5.409750076792418,65.14906701355761,73.20015107432064,Sp0810-4115
1645.137743794019,None,-48.24184169274283,46.45137743794019,-21.57742851962774,41.614861986177175,46.45137743794019,Sp0811+1855
5086.205829855291,None,-18.04137994197229,80.86205829855291,1.340360445355787,69.10775041329772,80.86205829855291,Sp0811-3324
5747.349374315392,None,-24.456201249593846,87.47349374315392,-2.9900541946876698,70.44465241149172,87.47349374315392,Sp0812-2444
3193.9812058172784,None,-3.6537963524344135,61.939812058172784,10.260491761270082,57.66335622010085,61.939812058172784,Sp0813-5232
481.57627168177544,None,-16.47020372808017,78.15762716817754,2.0985425127087938,68.62909882151007,78.15762716817754,Sp0814-3602
438.0376777234942,None,-35.91909435676871,73.80376777234942,-11.317365930978287,64.70885623696643,73.80376777234942,Sp0815-0843
116.89285411807148,None,-51.09731146885796,41.68928541180715,-24.788963843911084,38.1818607493454,41.68928541180715,Sp0818+2333
182.19051018605668,None,-49.61262539137768,48.21905101860567,-22.830028573228752,44.25987628062842,48.21905101860567,Sp0819+1658
397.8990697992232,None,-39.10671537770888,69.78990697992232,-13.96890585666148,62.662785015542674,69.78990697992232,Sp0819-0450
401.2823238317741,None,-38.93102383611105,70.1282323831774,-13.855086622367658,62.96527533325374,70.1282323831774,Sp0819-0511
484.26123766858495,None,-33.22801370512213,78.4261237668585,-9.656346469099656,68.38307235808269,78.4261237668585,Sp0819-1345
-0.5,None,-50.44404856692381,19.75552150226778,-29.92639448963554,17.8025606051056,19.75552150226778,Sp0821+4532
244.3960326097153,None,-48.11156526079827,54.43960326097153,-21.38887650552479,50.42567989735511,54.43960326097153,Sp0823+1034
106.60185694548034,None,-52.34524616800207,40.66018569454803,-26.11524660607343,37.75486566842824,40.66018569454803,Sp0823+2428
-0.5,None,-43.77425538363599,3.9095813511726205,-30.442690913223853,2.718879592732169,3.9095813511726205,Sp0823+6125
138.10038123293808,None,-52.05362538651497,43.81003812329381,-25.481919385881277,40.87096892191898,43.81003812329381,Sp0825+2115
530.1741169919303,None,-29.707492944904722,83.01741169919303,-7.774474166152183,72.61404878095796,83.01741169919303,Sp0825-2021
517.986242349732,None,-22.086153736959027,81.7986242349732,-2.6409567241127396,72.82677211856061,81.7986242349732,Sp0826-3040
-0.5,None,-51.51749772537198,20.157968534534195,-30.841024090219047,18.572684396431466,20.157968534534195,Sp0827+4502
318.6700968183322,None,-5.142663522847586,61.86700968183322,8.307546833577044,59.09052120166802,61.86700968183322,Sp0827-5216
61.659873256197244,None,-53.835073343327664,36.165987325619724,-28.269922535274343,33.98478101773555,36.165987325619724,Sp0828+2853
469.1861592001261,None,-35.32524737505162,76.91861592001261,-11.968919074197181,69.93086156404215,76.91861592001261,Sp0828-1309
486.0562329759455,None,-33.95634433325775,78.60562329759455,-11.005564166953949,71.04857052686282,78.60562329759455,Sp0828-1506
199.27872905442555,None,-51.036786014417196,49.927872905442555,-24.2171917590397,47.04842089392236,49.927872905442555,Sp0829+1456
82.10355770868752,None,-53.99581626926166,38.21035577086875,-28.051842148359075,36.084113899195366,38.21035577086875,Sp0829+2646
370.6252061012546,None,-42.38066225194955,67.06252061012546,-17.142852319653883,62.499099825006155,67.06252061012546,Sp0829-0238
249.2590390429629,None,-49.26412033684524,54.92590390429629,-22.625090133862273,51.880858786134596,54.92590390429629,Sp0830+0947
352.7625325514224,None,-43.616012992312974,65.27625325514224,-18.12155158648438,61.12152847251972,65.27625325514224,Sp0830-0050
242.29105447324207,None,-49.8563124847159,54.22910544732421,-23.188208186851757,51.446666986999226,54.22910544732421,Sp0831+1025
530.9003013977183,None,-26.7446042605028,83.09003013977183,-6.300678118146588,74.78877796875443,83.09003013977183,Sp0831-2535
357.57448135416223,None,-43.59453719775113,65.75744813541623,-18.236563326488703,61.89626838817411,65.75744813541623,Sp0832-0128
358.21384967037716,None,-43.619932988531424,65.82138496703772,-18.287846543814613,62.03995690439812,65.82138496703772,Sp0832-0134
-21.077175844760774,None,-54.41869646884575,27.892282415523923,-30.912935110122163,26.475246477555373,27.892282415523923,Sp0833+3706
315.9237837708411,None,-5.7546241922047106,61.59237837708411,7.398956269654084,59.635579366494404,61.59237837708411,Sp0833-5217
303.28979517880043,None,-4.649773537433498,60.32897951788004,8.122073386534256,58.4663069354907,60.32897951788004,Sp0833-5336
239.81701524731,None,-50.64713950993064,53.981701524731,-23.9984237858446,51.73703561462038,53.981701524731,Sp0835+1029
418.1669923892409,None,-39.90873249592324,71.81669923892409,-15.84828312189791,67.90475497313787,71.81669923892409,Sp0835-0819
487.2277677423679,None,-21.75785697501502,78.72277677423679,-3.3558216101842726,74.0416454289204,78.72277677423679,Sp0836-3250
250.30632359031983,None,-0.6059475894701802,55.03063235903198,10.37787461600013,53.966710542212766,55.03063235903198,Sp0838-5856
159.9732030179681,None,-54.74661388285175,45.99732030179681,-27.95683789405372,44.80137772876465,45.99732030179681,Sp0840+1824
-0.5,None,-52.398226038232764,16.450527131575214,-33.32997213061309,15.881833359867791,16.450527131575214,Sp0840+4827
-0.5,None,-46.85691500954258,5.862312545557592,-32.82788834441281,5.45300011441035,5.862312545557592,Sp0840+5911
-14.685042706461786,None,-56.162301970349255,28.53149572935382,-32.3732701261639,27.79101975224516,28.53149572935382,Sp0841+3611
-0.5,None,-46.71464975214259,5.544724603801439,-32.847789277601514,5.160854994980455,5.544724603801439,Sp0841+5929
235.48412412989876,None,-52.400282047273976,53.548412412989876,-25.820316567438866,52.56998359448983,53.548412412989876,Sp0843+1024
290.73276170104657,None,-49.54273288044655,59.073276170104656,-23.57606847514367,58.01585197591096,59.073276170104656,Sp0844+0434
493.1484157227652,None,-25.507627043713185,79.31484157227652,-6.625911808213597,76.93676848973378,79.31484157227652,Sp0844-2924
459.34094340691246,None,-36.77148323750926,75.93409434069125,-14.71407181544083,75.01237494678792,75.93409434069125,Sp0847-1532
483.7333049922614,None,-33.251280588216275,78.37333049922614,-12.349367218493063,77.6356447515273,78.37333049922614,Sp0848-2019
265.1082480868262,None,-3.0712420146648505,56.51082480868262,8.0796327869534,56.365659695131015,56.51082480868262,Sp0848-5656
54.076800713490414,None,15.559364784340627,35.40768007134904,19.684235781294987,35.33209807612567,35.40768007134904,Sp0848-7853
307.27592399408314,None,-49.268116738080096,60.727592399408316,-23.724202193378286,60.562144279938174,60.727592399408316,Sp0849+0220
2.7678238015444165,None,-58.69749662733735,32.76782380154442,-33.57100079227641,32.885795482584335,32.76782380154442,Sp0850+3126
35.72145164724316,None,-45.93221697890776,65.72145164724316,-21.399236588168502,65.78098062496723,65.72145164724316,Sp0850-0318
476.19289184303767,None,-34.2153005544563,77.61928918430377,-13.181207518302843,77.62502280311064,77.61928918430377,Sp0850-1924
305.7343672587733,None,-7.035004455837934,60.57343672587733,5.324242834503574,60.63448047955185,60.57343672587733,Sp0850-5227
-0.5,None,-34.82489679997832,-12.286410418509613,-29.63747293171461,-12.211929951056506,-12.286410418509613,Sp0851+7727
82.69521966512514,None,-58.92337143738624,38.269521966512514,-32.67699618556077,38.57024390391556,38.269521966512514,Sp0852+2540
35.46884552671115,None,-46.450344954859155,65.46884552671115,-22.06953358370281,66.33608324737884,65.46884552671115,Sp0853-0329
480.75936422259304,None,-30.507505889965323,78.0759364222593,-10.985839282207857,79.83677731128692,78.0759364222593,Sp0853-2446
39.25510680395,None,-43.366592725438046,69.25510680395,-19.952301093366156,70.43123702214527,69.25510680395,Sp0854-0805
476.48588613812336,None,-30.41519211415526,77.64858861381234,-11.104198875237575,80.26666072755874,77.64858861381234,Sp0855-2512
-0.5,None,-49.883803662981435,7.432377833573211,-35.32434636747732,7.888968099065954,7.432377833573211,Sp0857+5708
24.601664702865413,None,-54.42103017698983,54.60166470286541,-28.27095890738642,56.06225820353041,54.60166470286541,Sp0858+0758
20.999902848903744,None,-56.5300835557332,50.999902848903744,-29.9892255905326,52.49574966115317,50.999902848903744,Sp0859+1145
-0.5,None,-45.59012374309845,1.0100101434914137,-34.26119830587434,1.4587055206802277,1.0100101434914137,Sp0859+6341
11.446679651371511,None,-60.132394994684944,41.44667965137151,-33.44163645947749,42.72527518730105,41.44667965137151,Sp0900+2150
14.013348625681523,None,7.193965777875919,44.01334862568152,14.05073776355204,44.52115364228375,44.01334862568152,Sp0901-6940
30.898834111374548,None,-50.72353917554662,60.89883411137455,-25.84750629813215,63.40793676281243,60.89883411137455,Sp0902+0033
-0.5,None,-41.32993209760615,-4.858000566222314,-32.884883958575784,-4.408004904410533,-4.858000566222314,Sp0902+6939
26.220386175432303,None,-54.119950186274906,56.2203861754323,-28.389798344320088,58.610499154335535,56.2203861754323,Sp0903+0540
-0.5,None,-51.19089837185922,7.915374944816535,-36.50294313225785,8.798875929198354,7.915374944816535,Sp0905+5623
35.95185461103806,None,-46.786631801316304,65.95185461103806,-23.473134746574924,70.08984222212229,65.95185461103806,Sp0906-0611
43.23687772785716,None,-24.712269448252854,73.23687772785716,-8.118306630936782,78.56697020294925,73.23687772785716,Sp0906-3332
42.583595514516986,None,-23.609622370105896,72.58359551451699,-7.34956275448772,77.55912138109296,72.58359551451699,Sp0906-3449
42.009766861075576,None,-22.78708263485011,72.00976686107558,-6.79298455150461,76.78051092802794,72.00976686107558,Sp0906-3548
37.01825532191761,None,-16.464450343706726,67.01825532191761,-2.409878855276195,70.29395653799922,67.01825532191761,Sp0907-4308
23.061455728980093,None,-56.74209734433708,53.06145572898009,-30.674564917758982,56.039846919580256,53.06145572898009,Sp0908+0836
17.192125997157042,None,-59.888008890271074,47.19212599715704,-33.17799114652323,49.821512388957935,47.19212599715704,Sp0908+1459
-0.5,None,-55.20842469033153,13.450085728706242,-37.74298179467474,14.655948229154498,13.450085728706242,Sp0908+5032
12.73698909942199,None,-61.74929482365426,42.73698909942199,-34.93855610540855,45.24966312064354,42.73698909942199,Sp0909+1940
-0.5,None,-38.29434710239925,-9.242081970906423,-32.01380294137351,-8.636326708208715,-9.242081970906423,Sp0911+7401
8.05654223579409,None,-63.36449289978818,38.05654223579409,-36.85238533989574,40.65279086938502,38.05654223579409,Sp0912+2425
35.86300117872132,None,-46.91284988426364,65.86300117872132,-24.23848597257722,71.9618449290245,65.86300117872132,Sp0913-0733
17.671897488715587,None,2.72188735580985,47.67189748871559,10.477013814676313,49.08776649608254,47.67189748871559,Sp0914-6514
10.332380643460183,None,-63.69621990111999,40.33238064346018,-36.94038075730215,43.499120894387346,40.33238064346018,Sp0916+2139
37.75438767640715,None,-44.55318688627429,67.75438767640715,-23.0090117240068,75.85941587780371,67.75438767640715,Sp0916-1121
28.76436758236938,None,-53.77224754163426,58.76436758236938,-29.596334995726,64.7918173927334,58.76436758236938,Sp0919+0016
9.828503386484172,None,-64.44799191952195,39.82850338648417,-37.69592538414947,43.33773391342001,39.82850338648417,Sp0919+2154
-0.5,None,-49.82105046770546,3.5863472224427797,-37.610962349038815,5.116333498261196,3.5863472224427797,Sp0921+6017
41.304449985081035,None,-37.07838547394688,71.30444998508104,-18.250794958843862,84.7107302534687,71.30444998508104,Sp0921-2104
35.14918774718693,None,-47.32108963128951,65.14918774718693,-25.462956505447085,73.86975188019053,65.14918774718693,Sp0922-0852
3.726006305361601,None,15.92629005298873,33.7260063053616,19.091489064332908,34.31795334224601,33.7260063053616,Sp0922-8010
7.8630192264998655,None,-65.61730453685294,37.863019226499866,-38.98073811155585,41.666058405895676,37.863019226499866,Sp0923+2340
41.28429640978841,None,-35.63383116904341,71.28429640978841,-17.416898581548427,86.1209170103461,71.28429640978841,Sp0923-2300
41.35896569796465,None,-31.813390260332497,71.35896569796465,-14.753530749227847,85.50309335672222,71.35896569796465,Sp0923-2727
15.71919697944412,None,3.8156439813407097,45.71919697944412,10.746936179906907,47.537552072434245,45.71919697944412,Sp0924-6655
13.585057280800399,None,-64.45480686046248,43.5850572808004,-37.71435485902206,48.28266121821357,43.5850572808004,Sp0925+1704
1.6793112649115294,None,-66.31436101030845,31.67931126491153,-40.794523530404796,35.26615596283047,31.67931126491153,Sp0925+3007
-0.5,None,-55.54498606990961,10.129059246912606,-40.0087164472891,12.277595316167204,10.129059246912606,Sp0926+5309
-0.5,None,-62.55982319639209,19.990456127058046,-41.81174708125071,22.928350914530586,19.990456127058046,Sp0928+4230
-0.5,None,-59.4759072105406,52.82350230645325,-34.60700270674934,59.95809224712309,52.82350230645325,Sp0931+0528
3.132372960500298,None,-67.64426122415824,33.1323729605003,-41.627365316888074,37.412197564334065,33.1323729605003,Sp0931+2802
-4.769576838356755,None,-65.78555449008635,25.230423161643245,-42.48524350755699,28.821630929061964,25.230423161643245,Sp0931+3638
37.815032895019414,None,-41.553613344293105,67.81503289501941,-22.4382544371988,82.57730090569201,67.81503289501941,Sp0931-1717
3.933599384760278,None,-68.02396902223575,33.93359938476028,-41.79790257111304,38.46891338719294,33.93359938476028,Sp0932+2659
36.7690601269326,None,-42.926434261183054,66.7690601269326,-23.658749698993574,81.45315068962698,66.7690601269326,Sp0933-1602
33.06960528448144,None,-17.863529045653486,63.06960528448144,-5.537580902981379,70.5980722784904,63.06960528448144,Sp0933-4353_1
33.06723253697923,None,-17.865325795116338,63.06723253697923,-5.540436464041292,70.59878558075849,63.06723253697923,Sp0933-4353_2
38.40089272595024,None,-34.33393548126768,68.40089272595024,-17.886313190143643,88.31221666204114,68.40089272595024,Sp0936-2609
37.288336014064456,None,-27.423437789244772,67.28833601406446,-12.863816156590145,80.74062408364225,67.28833601406446,Sp0936-3346
37.9853269376201,None,-33.01484127165796,67.9853269376201,-17.106944254774334,86.71554356143248,67.9853269376201,Sp0938-2748
-0.5,None,-69.26171577285919,30.847543100830855,-43.635684305743304,35.75976884534514,30.847543100830855,Sp0939+2935
-0.5,None,-65.70143414633792,21.685463879190703,-43.98620362485043,25.645504078554563,21.685463879190703,Sp0939+3950
-0.5,None,-68.83419262233171,27.502737769433544,-44.340442084396024,32.227780089579426,27.502737769433544,Sp0941+3315
-0.5,None,-70.1338874544414,35.69561118844739,-43.439971108155,41.61723722969441,35.69561118844739,Sp0942+2351
27.322587146250513,None,-12.032256070659729,57.32258714625051,-1.920696498934986,63.715884825638135,57.32258714625051,Sp0942-5047
-0.5,None,-55.61621576776259,56.90583074507472,-33.38678867027768,67.94681041681422,56.90583074507472,Sp0943-0229
34.28207934241108,None,-23.511959497822808,64.28207934241108,-10.569610186080885,75.91863984481387,64.28207934241108,Sp0943-3833
-0.5,None,-46.88972693137941,-2.3093329466212014,-38.075325460618274,-0.1518715340901891,-2.3093329466212014,Sp0944+6537
36.397545315810305,None,-30.188667357898865,66.3975453158103,-15.569164683480388,83.00896865595233,66.3975453158103,Sp0944-3124
-0.5,None,-60.101113821496796,52.677837056390324,-36.761032457317086,62.98276004103414,52.677837056390324,Sp0947+0224
-0.5,None,-68.47029021972017,23.404571672542005,-45.725238665037274,28.277281735435405,23.404571672542005,Sp0947+3710
-0.5,None,-57.88839837385663,54.744035247902055,-35.287191711826644,65.72690027716432,54.744035247902055,Sp0947-0020
-0.5,None,-64.53588931144361,48.05301221911356,-39.75730380542363,57.26577446166012,48.05301221911356,Sp0949+0806
-0.5,None,-0.5776562017981116,47.23026159879601,6.203893539726702,51.167272818666845,47.23026159879601,Sp0951-6317
-0.5,None,-50.47672203648855,59.848042206811535,-30.94460607555199,75.04194508847716,59.848042206811535,Sp0952-0955
-0.5,None,-42.58379055276208,62.76120776792118,-25.92212993432408,83.20335892690903,62.76120776792118,Sp0956-1910
-0.5,None,-24.70133866806901,62.16534971832667,-12.57134104773723,75.83668318699537,62.16534971832667,Sp0956-3811
-0.5,None,-20.573265354205603,60.24940532849562,-9.467340728575005,71.57147949898747,60.24940532849562,Sp0956-4234
-0.5,None,-73.45646971400528,31.843459434288334,-47.06085300306683,38.83151242922841,31.843459434288334,Sp0957+2627
-0.5,None,-9.995179032104682,53.53345584583274,-1.4644282710629262,60.535630068451155,53.53345584583274,Sp0958-5344
-0.5,None,-73.11609485954943,36.894034746996596,-46.36361013836211,45.14151372544503,36.894034746996596,Sp0959+2002
-0.5,None,-51.44896040139263,58.14990933408277,-32.54568856766897,74.43501989731912,58.14990933408277,Sp1000-0949
-0.5,None,-74.70707635039196,31.624982543801465,-48.20652045825252,39.20802055169179,31.624982543801465,Sp1002+2556
-0.5,None,-49.37068410945982,-1.4975046032953079,-40.62798490595905,1.541556649071443,-1.4975046032953079,Sp1002+6349
-0.5,None,-59.50828111762549,52.341025903057485,-38.27024220161808,65.82123642655509,52.341025903057485,Sp1003-0105
-0.5,None,-48.727545855680745,58.85707877479287,-31.19736407176001,77.21727901363546,58.85707877479287,Sp1004-1318
-0.5,None,-29.6186679712249,61.732267092041624,-17.11232094752363,79.307584123964,61.732267092041624,Sp1004-3335
-0.5,None,-49.953398596497685,58.155566538304114,-32.12648002286563,76.01766009436128,58.155566538304114,Sp1005-1202
-0.5,None,-45.56579479722898,59.83881673979625,-29.17400492909788,79.97242049409692,59.83881673979625,Sp1006-1653
-0.5,None,-74.13347604676487,24.554035774968774,-50.175901349344194,31.620693796252855,24.554035774968774,Sp1009+3324
-0.5,None,-75.793627947383,35.0739593952074,-49.09185705556118,44.453713520318935,35.0739593952074,Sp1011+2019
-0.5,None,-68.27979415676013,16.37222715407144,-49.53895830353076,22.32278985488409,16.37222715407144,Sp1011+4245
-0.5,None,-32.715570019659204,60.517648904322634,-20.212530919758688,80.28380189083323,60.517648904322634,Sp1012-3049
-0.5,None,-73.82590822564599,22.43949888523029,-51.003853311302464,29.572833077380885,22.43949888523029,Sp1013+3520
-0.5,None,13.782661753312437,33.845404207304185,16.391230023856682,35.66351418627555,33.845404207304185,Sp1013-7842
-0.5,None,-77.60588831172238,28.299489984764115,-51.534748669187685,36.83095042715475,28.299489984764115,Sp1016+2751
-0.5,None,-68.4935723398551,44.01919394284123,-45.61010649069363,56.78579767059215,44.01919394284123,Sp1017+0719
-0.5,None,-34.70163105861301,59.094646232246966,-22.440682842034274,79.88682914417242,59.094646232246966,Sp1018-2909
-0.5,None,-39.98069100354229,-11.404192835525228,-35.78616660269625,-9.069860937682481,-11.404192835525228,Sp1019+7419
-0.5,None,-36.70508165886617,58.94997812445323,-24.028369762952583,80.47531675153239,58.94997812445323,Sp1019-2707
-0.5,None,-62.212656799931146,8.459402283985337,-48.76846832188813,13.97903609974306,8.459402283985337,Sp1021+5055
-0.5,None,-43.00415891448697,57.53825245640329,-29.042694782385173,79.41403508564746,57.53825245640329,Sp1021-2044
-0.5,None,-64.47321608985493,46.76366327642089,-43.890796302412184,61.45362046220108,46.76366327642089,Sp1022+0200
-0.5,None,-70.74053187530352,16.55296491172763,-51.89890693913292,23.472305990338175,16.55296491172763,Sp1022+4114
-0.5,None,-55.29686605831081,1.9712931438130192,-45.498217552735916,6.54940955947634,1.9712931438130192,Sp1022+5825
-0.5,None,-67.70481401829136,44.03130620777766,-46.29802549882015,58.166683693031935,44.03130620777766,Sp1025+0512
-0.5,None,-77.3568633481251,35.392894890496706,-51.97994674820736,47.21122267135668,35.392894890496706,Sp1029+1626
-0.5,None,-80.81444036406324,28.21663427454739,-54.227642462233064,38.22214219088453,28.21663427454739,Sp1029+2546
-0.5,None,-11.172084057195674,49.6822864128786,-4.58444361609145,59.248280293463466,49.6822864128786,Sp1031-5338
-0.5,None,-68.2705291793398,42.87840914604991,-47.65259350252661,57.71159397560875,42.87840914604991,Sp1032+0501
-0.5,None,-72.45411023222668,16.06997671680128,-54.012984335109465,23.811137955805115,16.06997671680128,Sp1032+4027
-0.5,None,-22.530110509943665,54.34332988279813,-13.992046691129246,69.18190136017859,54.34332988279813,Sp1032-4208
-0.5,None,-11.904961276521034,49.89976943840442,-5.267475888075565,59.828600815766585,49.89976943840442,Sp1032-5255
-0.5,None,-75.42705153092669,37.203515288733435,-51.62335927219543,50.12774187705943,37.203515288733435,Sp1033+1303
-0.5,None,-82.11659470855263,27.907171989301716,-55.40844299078669,38.49257547263659,27.907171989301716,Sp1035+2507
-0.5,None,-43.495929401515106,54.45755839442177,-31.03855115777121,76.47236964981298,54.45755839442177,Sp1035-2058
-0.5,None,-16.559497176053696,51.61551047227803,-9.332001847057755,63.7317517105975,51.61551047227803,Sp1035-4816
-0.5,None,-80.47407669006415,32.127636460596115,-54.406504260851456,43.91656572111544,32.127636460596115,Sp1036+1923
-0.5,None,-30.03536789311453,54.97659797421285,-20.53844852809097,73.79745117467161,54.97659797421285,Sp1036-3441
-0.5,None,-20.21061660738667,52.76625684884494,-12.4634792015122,66.68578173034939,52.76625684884494,Sp1036-4437
-0.5,None,-80.94846999553492,23.700651996846695,-56.213483538344164,33.51029633427625,23.700651996846695,Sp1037+3011
-0.5,None,-78.09554167134029,34.56341681859796,-53.903966121730576,47.5632296759212,34.56341681859796,Sp1039+1512
-0.5,None,-62.85994330282782,45.33333327096686,-45.46520674926441,62.55987148122161,45.33333327096686,Sp1039-0121
-0.5,None,-61.05067255755877,45.89018876202583,-44.69781512331421,63.90308380565035,45.89018876202583,Sp1042-0323
-0.5,None,-40.532842215625415,53.428459125990614,-29.590893683331394,75.43126412596567,53.428459125990614,Sp1042-2416
-0.5,None,-55.4001094645903,48.61152298547167,-40.904619526861396,68.33037842863328,48.61152298547167,Sp1043-0912
-0.5,None,-3.8827895462600863,44.129477862934635,0.7578596778137952,51.63231925173672,44.129477862934635,Sp1044-6112
-0.5,None,-62.7457188285346,44.38698378089335,-46.299849750657145,62.17386254478402,44.38698378089335,Sp1045-0149
-0.5,None,-38.77294393776132,53.102348040435295,-28.483834233041307,74.87296022909356,53.102348040435295,Sp1045-2607
-0.5,None,-69.49052806246871,11.196385713741453,-55.05875386136101,19.093659201680804,11.196385713741453,Sp1046+4441
-0.5,None,-48.824157097699505,50.42304317812372,-36.57454594758718,71.90496530108916,50.42304317812372,Sp1046-1602
-0.5,None,-8.128122687531352,46.10479783544226,-3.0031844046058276,55.28932921669794,46.10479783544226,Sp1046-5658
-0.5,None,-38.46539630346081,-13.972601191624527,-35.69579738129124,-11.299427545461853,-13.972601191624527,Sp1047+7613
-0.5,None,-46.63144750699588,50.98483946593176,-34.96156586811909,72.81683679029199,50.98483946593176,Sp1047-1815
-0.5,None,-65.88410474175829,41.99106499329719,-48.84495148315618,59.18214539041163,41.99106499329719,Sp1048+0111
-0.5,None,-53.51781104279467,48.386492126607486,-40.270722283862845,68.8918166402155,48.386492126607486,Sp1048-1120
-0.5,None,-45.504753524356154,51.1247848016705,-34.18494942764157,73.0870373310986,51.1247848016705,Sp1048-1925
-0.5,None,-25.11403828175758,51.95840937450422,-17.52871579366681,68.77168880797517,51.95840937450422,Sp1048-3956
-0.5,None,-12.202598501313823,47.80118324226951,-6.585912450514251,58.70987113011401,47.80118324226951,Sp1048-5254
-0.5,None,-11.801136958262328,47.51398716580775,-6.296284318226509,58.2952643188094,47.51398716580775,Sp1049-5319
-0.5,None,-65.32815697432888,7.247743829572807,-53.744256837661794,14.6318097057977,7.247743829572807,Sp1050+4907
-0.5,None,-19.826207437279912,50.241431825888874,-13.255049877057488,64.65854429608692,50.241431825888874,Sp1050-4517
-0.5,None,-58.3516738224183,1.5843285372022553,-49.921085707598984,7.8074167927412415,1.5843285372022553,Sp1051+5613
-0.5,None,-16.436326778676445,48.989014955000584,-10.434902448248554,61.90108809995185,48.989014955000584,Sp1051-4841
-0.5,None,-30.375534458176986,51.37847989809836,-22.540082934088343,70.66809853832663,51.37847989809836,Sp1054-3445
-0.5,None,-10.653761346094562,46.30031213955228,-5.65267342234372,56.865583294139604,46.30031213955228,Sp1054-5431
-0.5,None,-73.04178429168584,36.391050540264224,-54.26075977851206,52.31302632866439,36.391050540264224,Sp1055+0808
-0.5,None,8.714767907765687,35.60434032244849,11.085049447285883,39.54454466804587,35.60434032244849,Sp1055-7356
-0.5,None,-71.96233153411521,36.95956193927077,-53.80017311995638,53.2074193435396,36.95956193927077,Sp1056+0700
-0.5,None,-49.34976625994366,47.65903572176642,-38.57182550103141,69.30974881410424,47.65903572176642,Sp1058-1548
-0.5,None,-43.96233966000499,48.948992835792,-34.40942668873547,71.02991807794656,48.948992835792,Sp1059-2113
-0.5,None,-64.71935024498744,5.616416675746304,-54.63821686094832,13.357303090373419,5.616416675746304,Sp1100+4957
-0.5,None,-49.588792724877344,-6.13046698017348,-44.79051639966023,-1.0732173879491063,-6.13046698017348,Sp1101+6508
-0.5,None,-85.02869804034466,27.097419553781315,-60.889430042467566,40.888003992059396,27.097419553781315,Sp1104+1959
-0.5,None,-1.0428887856945666,40.5267090124301,2.161626470273823,47.89103746746718,40.5267090124301,Sp1104-6412
-0.5,None,-71.21049972098838,9.897515498381981,-58.67185485358075,19.1026153463226,9.897515498381981,Sp1105+4331
-0.5,None,-69.70190169068565,36.511760471548,-54.32500764429016,54.014304729050146,36.511760471548,Sp1106+0428
-0.5,None,-61.756081803215345,2.6841770059892656,-53.630284891541486,10.178559895037505,2.6841770059892656,Sp1106+5259
-0.5,None,-81.002346203065,29.118952601836373,-60.53310157368754,44.14272519216077,29.118952601836373,Sp1108+1545
-0.5,None,-50.198886976300756,44.32082941720693,-41.15464585414837,66.05629032647948,44.32082941720693,Sp1112-1502
-0.5,None,-69.47311870761025,7.578427790421781,-59.14699151252893,16.91500888652515,7.578427790421781,Sp1114+4516
-0.5,None,-85.56962669822956,19.00380110953121,-64.45752392541377,31.63241744480133,19.00380110953121,Sp1115+2902
-0.5,None,-40.73967134926295,46.1079351802825,-33.66744781265783,68.00496505292783,46.1079351802825,Sp1115-2429
-0.5,None,2.2803333486559962,37.883576540867004,4.6332588350731285,44.46870329264591,37.883576540867004,Sp1115-6731
-0.5,None,-73.4303513724238,31.545435356969847,-59.31589943128517,48.922878517278455,31.545435356969847,Sp1119+0820
-0.5,None,-67.98193326489775,5.88881467162017,-59.141317975743114,15.229099472808162,5.88881467162017,Sp1119+4641
-0.5,None,-51.92317327217757,41.537192512159656,-43.96594884081311,63.17981792889807,41.537192512159656,Sp1121-1313
-0.5,None,-68.77231585895308,33.66444254602301,-56.87730619626412,52.187475615866816,33.66444254602301,Sp1122+0343
-0.5,None,-76.55830149417929,11.691931172596998,-63.98540807001762,22.949867952678687,11.691931172596998,Sp1122+3755
-0.5,None,-50.61631884177077,41.84144863226431,-42.98328070551811,63.63260508170493,41.84144863226431,Sp1122-1431
-0.5,None,-25.916331999662496,45.479955214816904,-21.367346366314365,63.620986592590256,45.479955214816904,Sp1122-3916
-0.5,None,0.335348074508762,38.224570684853106,2.555792201368139,45.741050758765844,38.224570684853106,Sp1122-6533
-0.5,None,-59.92552419108927,37.87191952785531,-50.646764530942825,58.27481823492033,37.87191952785531,Sp1123-0509
-0.5,None,-76.29857535449173,11.356152070649896,-64.15265154130965,22.648291167688093,11.356152070649896,Sp1124+3808
-0.5,None,-22.94723310857753,44.83354114917548,-18.86478002987587,61.87450990894068,44.83354114917548,Sp1124-4213
-0.5,None,-37.98505913706156,44.08413437909979,-32.612035735292956,65.61706829800363,44.08413437909979,Sp1126-2706
-0.5,None,-50.87932776682082,-7.028113675097834,-47.594374435108364,-0.8279089723056263,-7.028113675097834,Sp1127+6346
-0.5,None,-66.53493027206237,33.47818497241213,-56.54908418806275,52.69868999660186,33.47818497241213,Sp1128+0141
-0.5,None,-47.76561376054636,41.47452678830518,-41.37673712794462,63.499718756781434,41.47452678830518,Sp1128-1715
-0.5,None,-65.6339910507635,3.1374921930600914,-59.19100597977169,12.566938633953551,3.1374921930600914,Sp1130+4848
-0.5,None,-7.150524317576539,40.39852914413852,-4.742563040981159,51.09713011696177,40.39852914413852,Sp1130-5759
-0.5,None,-0.3879833735469011,37.736084768117585,1.4738896508983845,45.82774020359568,37.736084768117585,Sp1131-6446
-0.5,None,-74.86907277158025,27.47932901936496,-63.381980903644,45.057699936029586,27.47932901936496,Sp1133+1039
-0.5,None,-64.90428476583139,32.68006124543398,-56.74017231121122,52.4219808897529,32.68006124543398,Sp1134+0022
-0.5,None,-62.208121944773204,34.127625485093915,-54.53321369030138,54.373588541570406,34.127625485093915,Sp1134-0224
-0.5,None,-56.69499084663938,36.10249624201751,-50.4003901912159,57.29863478088471,36.10249624201751,Sp1136-0755
-0.5,None,-50.10763218749943,38.26096648576146,-44.96099596468482,60.18564883102791,38.26096648576146,Sp1138-1432
-0.5,None,-36.098287540560705,41.65446862837762,-32.35768764792045,62.89067354725043,41.65446862837762,Sp1138-2842
-0.5,None,-61.17311647089943,33.33566479913782,-54.72078438976818,53.866093199311734,33.33566479913782,Sp1139-0310
-0.5,None,-42.09516750416456,39.81573364813101,-38.234966897484526,61.7823278432147,39.81573364813101,Sp1141-2232
-0.5,None,-67.92963346676989,28.80601880820891,-61.09111154209624,48.14142719336405,28.80601880820891,Sp1143+0413
-0.5,None,-53.556662281015576,-6.41009508081408,-51.21402361431029,1.0298983450479866,-6.41009508081408,Sp1144+6043
-0.5,None,-21.745381172591454,41.141846674539885,-19.493381239585936,58.277717544873994,41.141846674539885,Sp1144-4302
-0.5,None,-44.08223861692624,38.388643145618516,-40.59491109412727,60.444817702096906,38.388643145618516,Sp1145-2021
-0.5,None,-77.4971355656449,10.461632237281467,-69.66492831522739,23.66733835532713,10.461632237281467,Sp1146+3431
-0.5,None,-10.434971837723854,39.076960620889835,-8.933764985805395,51.785156025968135,39.076960620889835,Sp1147-5424
-0.5,None,-38.64430999729488,38.93149063583974,-35.96447560244241,60.575262042435156,38.93149063583974,Sp1148-2544
-0.5,None,-24.38492987185137,40.219453399365,-22.504096516941914,58.435929292227605,40.219453399365,Sp1149-4012
-0.5,None,-35.5368808465728,39.12288757446182,-33.23674404712691,60.305702323213865,39.12288757446182,Sp1150-2850
-0.5,None,-32.791813957977865,39.65499444535233,-30.556120848771865,60.28410253676835,39.65499444535233,Sp1150-3139
-0.5,None,-80.33707427170756,15.494869313597444,-72.79180055832286,31.106619868047304,15.494869313597444,Sp1152+2438
-0.5,None,-40.22985322781748,-15.531349247605588,-39.53054704268532,-11.10756246468115,-15.531349247605588,Sp1152+7412
-0.5,None,-69.39419466084695,25.23523621475431,-64.82074898531876,44.41692935838029,25.23523621475431,Sp1153+0659
-0.5,None,-64.48367418549392,27.80456198387161,-60.76108530995617,47.959848260559276,27.80456198387161,Sp1154+0135
-0.5,None,-68.27674835891055,25.321846784282787,-64.41372874013973,44.75651954379493,25.321846784282787,Sp1155+0559
-0.5,None,-41.55466890643462,36.65649315549516,-39.63220143966836,58.58476267105696,36.65649315549516,Sp1155-2224
-0.5,None,-26.87720985370636,39.01280074014158,-25.47530808277283,58.14816070538596,39.01280074014158,Sp1155-3727
-0.5,None,-15.736765327231083,38.36182425870568,-14.823195934044683,53.58847885154621,38.36182425870568,Sp1157-4844
-0.5,None,-74.2990114779375,20.585645394948557,-70.25790846251608,38.627618652959654,20.585645394948557,Sp1158+1354
-0.5,None,-71.77970146220171,5.168338861258422,-68.92516475400407,17.821536894200282,5.168338861258422,Sp1158+3953
-0.5,None,-44.65168515465986,34.98420963308062,-43.07837125152695,57.05127723401117,34.98420963308062,Sp1158-1900
-0.5,None,-38.18091656145459,36.9223929481508,-36.69600456687864,58.52687227780535,36.9223929481508,Sp1158-2545
-0.5,None,-63.36912947475554,26.99951360368397,-60.96067848994046,47.39746096447774,26.99951360368397,Sp1159+0057
-0.5,None,-77.96071293914206,16.232108156621845,-73.80799755443448,32.91279630867647,16.232108156621845,Sp1159+2105
-0.5,None,-11.721237278306322,37.60772574011313,-11.014378106862475,51.27863120131186,37.60772574011313,Sp1159-5247
-0.5,None,-77.74243398630553,16.279571234264214,-73.85590773848637,33.039991877915135,16.279571234264214,Sp1200+2048
-0.5,None,-76.25079606949772,9.091367847246149,-73.20998390715718,23.384798473983942,9.091367847246149,Sp1201+3248
-0.5,None,-70.72202044915727,4.166633311164099,-68.74781346639566,16.759919568351954,4.166633311164099,Sp1201+4046
-0.5,None,-50.940897193695626,32.12278143861993,-49.58340325282083,54.051572696890545,32.12278143861993,Sp1201-1213
-0.5,None,-36.16862053978326,36.50735474807018,-35.20273066489666,57.84466774486131,36.50735474807018,Sp1201-2737
-0.5,None,-34.30021158443074,36.81657311106845,-33.397736054926234,57.83992241384923,36.81657311106845,Sp1201-2932
-0.5,None,-69.53859047205177,3.1810353426553046,-67.9907453735702,15.54466589047839,3.1810353426553046,Sp1202+4204
-0.5,None,-56.271135998831895,29.701136183292387,-54.86232766116547,51.15223648402373,29.701136183292387,Sp1202-0629
-0.5,None,-62.267425507385276,26.371445988764822,-60.95669843280319,46.982218260551726,26.371445988764822,Sp1203+0015
-0.5,None,-75.93806702691525,8.875714583108437,-74.10105176255323,23.449044371929016,8.875714583108437,Sp1204+3212
-0.5,None,-35.60337372144761,35.69902829570094,-35.151799549926594,56.96775529043787,35.69902829570094,Sp1205-2758
-0.5,None,-24.28168644684987,36.94457818769848,-24.036991327981628,55.49410937645979,36.94457818769848,Sp1206-3937
-0.5,None,-23.660109650789085,37.060746689318236,-23.3763524716214,55.402475456821094,37.060746689318236,Sp1206-4017
-0.5,None,-38.871742650055424,-16.99667572651228,-38.795970146597185,-12.603362234393257,-16.99667572651228,Sp1207+7521
-0.5,None,-37.97847039921239,-17.507650515947063,-37.90866474050159,-13.37341668646169,-17.507650515947063,Sp1207+7617
-0.5,None,-24.32078945177883,36.801470307336494,-24.146537336044197,55.37831377778221,36.801470307336494,Sp1207-3932
-0.5,None,-66.23794539924766,22.573420715606325,-66.2482977587182,42.48125396292537,22.573420715606325,Sp1209+0542
-0.5,None,-70.18306342228156,19.66707950058998,-70.53512916812862,38.69786589451874,19.66707950058998,Sp1210+1100
-0.5,None,-64.621976246787,22.892828665644586,-65.21073107570558,43.112810934502214,22.892828665644586,Sp1211+0406
-0.5,None,-49.289458346918956,30.128169837576337,-49.71855596756626,52.14631245721173,30.128169837576337,Sp1211-1304
-0.5,None,-70.47836852191983,3.406182417136753,-71.59779875928952,16.90067684162593,3.406182417136753,Sp1213+3900
-0.5,None,-56.952043164456136,26.485928935637066,-57.74736893321324,47.88279185641049,26.485928935637066,Sp1213-0432
-0.5,None,-61.29759532663654,23.459724326036962,-62.920153852106196,44.25383376549729,23.459724326036962,Sp1215+0050
-0.5,None,-55.489064005732224,-7.49823230037213,-56.25684002475432,1.880895916804581,-7.49823230037213,Sp1216+5709
-0.5,None,-60.86811162660898,23.221471548879183,-62.87079967661206,44.08213606077801,23.221471548879183,Sp1217+0035
-0.5,None,-55.121241489238244,25.689305904363835,-57.117390208396046,47.29069583126157,25.689305904363835,Sp1218-0550
-0.5,None,-72.52069680561432,5.582945984182966,-76.45212130994284,20.610579375040324,5.582945984182966,Sp1220+3315
-0.5,None,-62.24755725436667,21.249813471182613,-65.42892985442631,41.87645855462894,21.249813471182613,Sp1221+0257
-0.5,None,-66.8747546189902,18.446403647789346,-70.5714052118747,38.16014248740644,18.446403647789346,Sp1221+0857
-0.5,None,-17.584636705537367,34.40831681400794,-18.645813460106083,51.05705319338879,34.40831681400794,Sp1221-4548
-0.5,None,-51.782587169714176,25.84667319388405,-54.55617163817725,47.72785303377693,25.84667319388405,Sp1223-0858
-0.5,None,-34.37493910889302,31.771196219871165,-36.20506092701278,52.9585618524291,31.771196219871165,Sp1223-2757
-0.5,None,-48.40077291651916,27.002518127199497,-51.11845166113288,49.04786437184019,27.002518127199497,Sp1224-1238
-0.5,None,-47.03908032102015,27.29378117782178,-49.82741705156694,49.36822528443834,27.29378117782178,Sp1225-1402
-0.5,None,-37.448916346052876,29.888975967509293,-40.029745790074784,51.51490891887211,29.888975967509293,Sp1228-2415
-0.5,None,-64.58608719515158,17.097659825413388,-70.75045275553693,37.21146780853933,17.097659825413388,Sp1229+0752
-0.5,None,-71.38904590905877,7.606366309188048,-81.79031163899663,24.71250480605719,7.606366309188048,Sp1232+2528
-0.5,None,-50.00740028916814,24.271872845536418,-54.27538936057714,46.24706885364502,24.271872845536418,Sp1232-0951
-0.5,None,4.87360798268611,30.79278346217997,3.914681114918704,38.676022942127126,30.79278346217997,Sp1232-6856
-0.5,None,-12.705328156070745,32.583144596821136,-14.505443128056418,47.74584083696858,32.583144596821136,Sp1233-5020
-0.5,None,-66.90102468010043,13.261526598815886,-76.12271543752946,32.6726946797292,13.261526598815886,Sp1235+1318
-0.5,None,-69.70388809024276,8.962946085837965,-81.88889268103698,27.059902584352628,8.962946085837965,Sp1237+2107
-0.5,None,-60.211138910223596,16.630955308971632,-68.29620073570709,37.46913069527872,16.630955308971632,Sp1239+0410
-0.5,None,-55.368088338294676,-9.205695387639732,-59.029879610869266,1.400615375511658,-9.205695387639732,Sp1239+5515
-0.5,None,-33.96192703172245,28.15828032271008,-37.81223578654573,49.401012347670786,28.15828032271008,Sp1239-2658
-0.5,None,8.979852145261125,29.352092416610574,7.946150237334791,35.69812121175059,29.352092416610574,Sp1239-7304
-0.5,None,-29.27566592008393,28.83170581664848,-33.01197251381959,49.263693057176255,28.83170581664848,Sp1241-3152
-0.5,None,-5.492180972710624,30.671632511470385,-7.746967844672851,43.34232570398869,30.671632511470385,Sp1245-5721
-0.5,None,-61.0508313164128,13.87639344845101,-71.56023144273985,34.467007977628995,13.87639344845101,Sp1246+0706
-0.5,None,-67.63331720060698,1.6148361890867764,-81.4914161477646,17.955000930711076,1.6148361890867764,Sp1246+3148
-0.5,None,-64.44898367766793,-2.756988640892562,-73.6556007302862,11.697760052907187,-2.756988640892562,Sp1246+4027
-0.5,None,-29.077192438402353,27.83364701689016,-33.347509007427774,48.284332408854205,27.83364701689016,Sp1246-3139
-0.5,None,-65.02748981528265,-2.145848561365739,-75.12243431852501,12.675445862003615,-2.145848561365739,Sp1247+3857
-0.5,None,-56.178546526239636,-9.357080169540279,-61.605907377929086,2.1669253811102407,-9.357080169540279,Sp1249+5255
-0.5,None,-33.59712119241192,25.848485773728164,-38.74420125870841,47.11960500935762,25.848485773728164,Sp1249-2617
-0.5,None,-54.036954643587315,16.958945042372992,-63.052522138971256,38.56401598765803,16.958945042372992,Sp1250-0149
-0.5,None,-37.805306231655855,24.08738418091138,-43.69697505796062,45.85552461607646,24.08738418091138,Sp1250-2121
-0.5,None,-60.392812521022776,-6.446871436277843,-68.15113378675748,6.788865169336726,-6.446871436277843,Sp1251+4620
-0.5,None,-22.19468133936523,28.251036828018417,-26.35643457693039,47.104618163690226,28.251036828018417,Sp1251-3846
-0.5,None,-57.05786681363128,14.412365573223083,-67.7722344621486,35.61112162732208,14.412365573223083,Sp1252+0252
-0.5,None,-28.38676438532974,26.66290511108491,-33.29397616487755,47.05027064214733,26.66290511108491,Sp1252-3149
-0.5,None,-63.32966258879618,-3.872744486962589,-73.86704367260485,10.775666153846004,-3.872744486962589,Sp1253+4034
-0.5,None,-5.272418275254015,29.60926923801546,-8.031265686803252,42.445392152147235,29.60926923801546,Sp1253-5709
-0.5,None,-53.57355260309047,15.687987493715108,-63.660034295937294,37.307875801261275,15.687987493715108,Sp1254-0122
-0.5,None,-3.0433556021879142,29.326322409467554,-5.736011875233958,41.29366262336003,29.326322409467554,Sp1255-5928
-0.5,None,-44.29725670098673,20.047736746009853,-52.170203633947374,42.129048105981894,20.047736746009853,Sp1256-1257
-0.5,None,-22.097630546510924,27.139766563761835,-26.81854254610775,46.078403723725934,27.139766563761835,Sp1256-3822
-0.5,None,-17.21458828586394,27.6279107888087,-21.610301557279424,45.139351224350015,27.6279107888087,Sp1259-4336
-0.5,None,-63.829776393403115,5.064901445808814,-84.1666760207921,24.200566479489858,5.064901445808814,Sp1300+1912
-0.5,None,-65.02698738259718,-0.2824080545782932,-83.81897435012576,16.729896176798867,-0.2824080545782932,Sp1300+3038
-0.5,None,-41.66346842512485,19.531507185621738,-50.04377269138172,41.570681162186936,19.531507185621738,Sp1301-1510
-0.5,None,-30.333437098218784,-22.83108409074171,-31.151360106431746,-20.433835215450788,-22.83108409074171,Sp1304+8336
-0.5,None,-62.83012306547613,3.8690800194016273,-84.7844983959844,23.070325898603976,3.8690800194016273,Sp1305+1934
-0.5,None,-63.12567125438463,3.296093240427181,-85.96973932020734,22.300729603425822,3.296093240427181,Sp1305+2046
-0.5,None,-61.94939560886833,-5.03268289783761,-76.40540670310203,10.541126086889795,-5.03268289783761,Sp1306+3820
-0.5,None,-4.177655519047311,27.648502706392396,-7.803675652689922,40.49965576172606,27.648502706392396,Sp1307-5726
-0.5,None,-56.867855012701526,8.808719929764372,-72.6781251847002,29.762671938509992,8.808719929764372,Sp1308+0725
-0.5,None,-54.249454714004564,-11.818216689841227,-62.10179623199297,0.3360520721354931,-11.818216689841227,Sp1308+5239
-0.5,None,-33.753629179942564,20.718209697284454,-41.739667577445736,42.181775934674434,20.718209697284454,Sp1309-2330
-0.5,None,-6.543847141067875,27.162700508282196,-10.60483450492894,41.05826368943462,27.162700508282196,Sp1309-5438
-0.5,None,-61.501159778304526,-5.1419894584691335,-78.24566074656616,11.004691168158981,-5.1419894584691335,Sp1311+3629
-0.5,None,-58.94138325764202,-8.26047233606881,-71.27651326226497,6.295233775973279,-8.26047233606881,Sp1311+4328
-0.5,None,-60.6805278430843,3.4084494545117123,-82.7103251388158,23.09888585560021,3.4084494545117123,Sp1312+1731
-0.5,None,-3.544791864235772,27.036269756692025,-7.413838592187637,39.77443376394405,27.036269756692025,Sp1312-5750
-0.5,None,-44.06141418388525,-17.842960474392502,-48.3710403012953,-9.522064531150404,-17.842960474392502,Sp1314+6622
-0.5,None,-25.82681278679413,22.316073788135895,-33.02170528734587,42.49182803665141,22.316073788135895,Sp1314-3212
-0.5,None,-61.57676395107578,-4.022888529325338,-82.08019839996804,13.063186119775686,-4.022888529325338,Sp1315+3232
-0.5,None,-30.210825167650864,20.44128459714239,-38.39174553085827,41.464871878583516,20.44128459714239,Sp1315-2649
-0.5,None,-59.99331639583765,1.7864005048845755,-83.73876395563185,21.387977542503364,1.7864005048845755,Sp1317+1849
-0.5,None,-55.53983237172235,-11.350198319123715,-66.13123884317169,2.1143659721565036,-11.350198319123715,Sp1317+4833
-0.5,None,-38.43517302626489,-20.448806968224265,-41.369049687604395,-14.34487114323115,-20.448806968224265,Sp1318+7322
-0.5,None,-59.91255459047116,0.27867601240888495,-85.32349134355634,19.61892804952597,0.27867601240888495,Sp1319+2053
-0.5,None,-52.46547752959027,7.4850221245715165,-69.19090788548347,28.933613304739332,7.4850221245715165,Sp1320+0409
-0.5,None,-55.6584988167861,4.96850821443086,-74.93137057370156,25.83378947570268,4.96850821443086,Sp1320+0957
-0.5,None,-57.835774377233754,-9.357040757729308,-71.94904286933519,5.652672562045535,-9.357040757729308,Sp1320+4238
-0.5,None,-19.135642008510146,22.90545027114305,-25.917265667682205,41.519638317023066,22.90545027114305,Sp1320-3916
-0.5,None,-44.64481658025025,12.130082293663492,-57.68418800226101,34.19170798795018,12.130082293663492,Sp1321-0724
-0.5,None,-58.76184781400598,-8.148150397406761,-75.41832961902253,7.742974431644124,-8.148150397406761,Sp1322+3902
-0.5,None,-59.95865845183677,-4.6459047980943,-83.54592441596114,13.132660243405045,-4.6459047980943,Sp1323+3014
-0.5,None,-52.22192161738884,5.997752504068529,-70.12614473963747,27.399743833420846,5.997752504068529,Sp1325+0517
-0.5,None,-28.309854127222266,18.36509202532164,-37.5809310066729,39.21246944689581,18.36509202532164,Sp1326-2729
-0.5,None,-21.068748218746833,20.972190858753784,-28.864248486511652,40.2487200820087,20.972190858753784,Sp1326-3614
-0.5,None,-49.714849118047255,6.944930807254895,-66.62186506916083,28.6400520952424,6.944930807254895,Sp1327+0149
-0.5,None,-21.248154213327823,20.552492603961355,-29.257712146146435,39.90823254955821,20.552492603961355,Sp1327-3549
-0.5,None,-16.119032173249895,21.88073884548038,-23.29551968584806,39.8089207765573,21.88073884548038,Sp1329-4147
-0.5,None,-57.267607158308145,-1.5607857804578196,-83.00757646875775,18.159657663055345,-1.5607857804578196,Sp1330+1958
-0.5,None,-58.060707607032015,-8.080516309581323,-78.32516645420671,8.814946239531633,-8.080516309581323,Sp1330+3526
-0.5,None,-44.893711166050295,9.16610553259403,-59.9016232188277,31.194308918421783,9.16610553259403,Sp1330-0453
-0.5,None,-58.00379346791584,-7.770768407803084,-79.3732631990555,9.432086047393295,-7.770768407803084,Sp1331+3407
-0.5,None,-46.93536559577016,7.272982127003457,-63.36318656622125,29.176882250242688,7.272982127003457,Sp1331-0116
-0.5,None,3.9967188820822037,25.268342386627058,0.07667205361818881,35.277965023118746,25.268342386627058,Sp1331-6513
-0.5,None,-50.709277721456736,4.20653518609524,-69.80778309098032,25.683809176437688,4.20653518609524,Sp1332+0525
-0.5,None,-55.543487001020985,-0.0989078863826624,-79.36600734972274,20.261477277511883,-0.0989078863826624,Sp1332+1542
-0.5,None,-55.7213434289085,-11.437339853629835,-71.39762663058151,3.898970649193166,-11.437339853629835,Sp1332+4240
-0.5,None,-44.594655910925326,8.544968916320949,-59.99491687867203,30.575078697472954,8.544968916320949,Sp1332-0441
-0.5,None,-45.93149362389411,7.2413525940099825,-62.29731399811208,29.19778983315659,7.2413525940099825,Sp1333-0216
-0.5,None,2.246059869313851,24.76223118079375,-2.141155830079551,35.66515591687736,24.76223118079375,Sp1334-6257
-0.5,None,-56.37300883400511,-10.172790424322818,-75.71727955213139,6.398332156278123,-10.172790424322818,Sp1336+3743
-0.5,None,-53.05606971369704,-14.047173495213428,-66.22858748288603,0.10535854692221314,-14.047173495213428,Sp1336+4751
-0.5,None,-52.1600310580263,-14.789589240245386,-64.48083663720014,-1.0878437660061036,-14.789589240245386,Sp1337+4938
-0.5,None,-55.0501255881559,-12.015969151726267,-71.9797911696777,3.7020797357490003,-12.015969151726267,Sp1338+4140
-0.5,None,-33.513274578962445,12.61509118662441,-45.984810389081304,34.314257301931875,12.61509118662441,Sp1338-1838
-0.5,None,-33.94341626432335,12.175725031368968,-46.672240045974895,33.92248822664932,12.175725031368968,Sp1339-1755
-0.5,None,-50.252862945504226,1.129138088416056,-71.56310716689586,22.47548505496193,1.129138088416056,Sp1341+0805
-0.5,None,-48.840753962845774,-17.259256905366357,-58.965277094503286,-4.991054651814444,-17.259256905366357,Sp1341+5510
-0.5,None,-49.966598419967006,0.5134539408520132,-71.65313498120432,21.853578029763252,0.5134539408520132,Sp1343+0825
-0.5,None,-24.127101430584815,15.513612586471215,-34.749776220705314,35.84926184012133,15.513612586471215,Sp1343-2950
-0.5,None,-49.26550133815228,-17.292467214208745,-60.74762807632349,-4.328323228303124,-17.292467214208745,Sp1346+5306
-0.5,None,-33.9944559890302,10.151516738322597,-47.83800374503869,31.958383267161864,10.151516738322597,Sp1346-1624
-0.5,None,-22.186460933318674,15.58754430206895,-32.69461981092109,35.5590052787511,15.58754430206895,Sp1346-3149
-0.5,None,-46.55802893461321,1.26082685121893,-67.00977953262594,22.99699353800945,1.26082685121893,Sp1348+0353
-0.5,None,-42.659139457955014,4.333907066093022,-60.56752716839031,26.36939344051898,4.333907066093022,Sp1348-0304
-0.5,None,-13.524676639717725,18.59189328969004,-22.161947497944407,36.21648464649198,18.59189328969004,Sp1348-4227
-0.5,None,-3.8123285421792446,21.518276758394624,-10.3846913656934,35.553097860018696,21.518276758394624,Sp1348-5423
-0.5,None,-54.00386495754182,-8.557680350159773,-80.33404736776666,10.476868442184049,-8.557680350159773,Sp1350+2650
-0.5,None,-6.608321380473483,20.20938600594058,-14.028760747283956,35.46662206781135,20.20938600594058,Sp1351-5036
-0.5,None,-47.83758828205765,-1.985967906842204,-70.67004037605791,19.442488655408688,-1.985967906842204,Sp1354+0846
-0.5,None,-49.21045386944261,-17.741699054650724,-62.5317022680877,-3.9474878073083843,-17.741699054650724,Sp1354+5044
-0.5,None,-51.258966878497475,-15.873223008470225,-68.64001122499737,-0.2073864274125377,-15.873223008470225,Sp1356+4342
-0.5,None,-31.011306894099114,8.623879993744609,-45.49539597741484,30.23961831727307,8.623879993744609,Sp1356-1812
-0.5,None,-47.08387591119383,-2.521636021697224,-70.05568202853944,18.95901970669516,-2.521636021697224,Sp1357+0830
-0.5,None,-33.326809567947414,6.967193691202208,-48.84898230156138,28.814801190996473,6.967193691202208,Sp1357-1438
-0.5,None,-28.32607229329122,9.577954871026709,-42.15027988710912,30.87506102379649,9.577954871026709,Sp1357-2134
-0.5,None,-13.688567726435046,15.966428118346744,-23.58456696922255,33.96260099158783,15.966428118346744,Sp1359-4034
-0.5,None,-1.1529490103404911,20.58861859757667,-7.934350200255371,33.834863507204965,20.58861859757667,Sp1359-5636
-0.5,None,-49.459738558494216,-17.727426531663763,-64.89045674967227,-2.9814449554209452,-17.727426531663763,Sp1400+4739
-0.5,None,-50.74158326277491,-16.2428085773614,-69.40316281121227,-0.09676963347749214,-16.2428085773614,Sp1401+4211
-0.5,None,-34.2044806606228,5.1823125588455845,-50.75248517450872,27.123306967752907,5.1823125588455845,Sp1401-1220
-0.5,None,-37.76846746286486,2.537552626781323,-56.1288810299855,24.616865104079597,2.537552626781323,Sp1402-0630
-0.5,None,-51.424916924564506,-12.424948764536557,-76.71302866604483,6.295478369519575,-12.424948764536557,Sp1403+3007
-0.5,None,-29.121116367078713,-24.513320757479452,-30.71732851976194,-21.956516193629966,-24.513320757479452,Sp1405+8350
-0.5,None,-50.895789799083175,-13.465516333724057,-75.64384672272766,5.052234391637112,-13.465516333724057,Sp1406+3131
-0.5,None,9.753924650134357,22.5852310938717,5.266291228468549,30.820237670733626,22.5852310938717,Sp1406-6957
27301.721836430268,None,8.388599244396996,26.51712562791289,33.48951417197605,5.434833399085652,57.30172183643027,Sp1407-0800
-0.5,None,-9.69809484201842,15.94664842808798,-19.34968106336421,32.84349743585119,15.94664842808798,Sp1407-4436
-0.5,None,-3.042626474291035,18.39787246596338,-11.037378886231513,32.76482721441218,18.39787246596338,Sp1408-5307
-0.5,None,-38.98394241097688,-1.1042973459820373,-59.50180527071248,20.958000515495716,-1.1042973459820373,Sp1409-0153
-0.5,None,-17.533171950008043,11.962101501064744,-29.55059326177624,31.301288644159,11.962101501064744,Sp1409-3357
-0.5,None,-48.76898179953566,-18.327838319741396,-67.04334278483728,-2.408687653781693,-18.327838319741396,Sp1410+4354
-0.5,None,-5.223768649469184,17.193618639710046,-13.96443255078004,32.513764966738414,17.193618639710046,Sp1410-5001
-0.5,None,-49.39863014609327,-17.15623453562469,-70.13979983739631,-0.20793864914616123,-17.15623453562469,Sp1411+3936
-0.5,None,-11.48852201837524,14.145316808439725,-22.101278257302564,31.7847638272352,14.145316808439725,Sp1411-4132
-0.5,None,-46.783835917148835,-9.20781550746882,-72.978417643057,11.679637057481377,-9.20781550746882,Sp1412+1633
-0.5,None,-48.68036070621832,-12.003524611166286,-75.44153684541386,7.920993011512703,-12.003524611166286,Sp1412+2354
-0.5,None,-39.2044967503922,-2.196065066711489,-60.33998224843635,19.847731552890004,-2.196065066711489,Sp1412-0035
-0.5,None,-36.35137541116483,-0.7764240491776828,-56.28948224206945,21.30418675898819,-0.7764240491776828,Sp1413-0457
-0.5,None,-47.33621278701522,-19.86646208617708,-64.3940160641071,-4.543648184235508,-19.86646208617708,Sp1415+4636
-0.5,None,-44.93675318777325,-9.015545466427177,-70.63598483871192,12.208147008704497,-9.015545466427177,Sp1416+1348
-0.5,None,-14.991845118656192,10.795674515133612,-27.391288779587466,29.690264493313393,10.795674515133612,Sp1418-3538
-0.5,None,-47.98411959232937,-16.240935665484862,-72.89834626017067,2.524284304568264,-16.240935665484862,Sp1419+3137
-0.5,None,-45.29801377899963,-11.947073127028961,-71.92854793314285,8.844502093806337,-11.947073127028961,Sp1421+1827
-0.5,None,-27.910018935580275,2.3616068406525934,-45.27510550644445,23.94080575480266,2.3616068406525934,Sp1421-1618
-0.5,None,-18.869434782762532,7.839501356276315,-32.905177909574874,27.81162562831411,7.839501356276315,Sp1421-2935
-0.5,None,-41.32906225889845,-8.360165793109507,-65.91430667942129,13.353338650698234,-8.360165793109507,Sp1422+0827
-0.5,None,-43.50672908803054,-10.900990130866536,-69.5482964237748,10.344601533840232,-10.900990130866536,Sp1423+1426
-0.5,None,-44.69604842085781,-22.29633010442119,-59.4769820666578,-8.249360653422935,-22.29633010442119,Sp1423+5146
-0.5,None,-32.650019940747065,-1.5199559291303322,-52.436619775171664,20.487947079867034,-1.5199559291303322,Sp1423-0806
-0.5,None,-14.449292491013654,9.55132430888973,-27.38425914518438,28.452610051660923,9.55132430888973,Sp1424-3514
-0.5,None,-46.050623387237984,-15.432600296034078,-72.56717884047069,4.444254658538432,-15.432600296034078,Sp1425+2540
-0.5,None,-34.37749201612842,-25.182246511442212,-39.37813093122794,-18.797986171530688,-25.182246511442212,Sp1425+7422
-0.5,None,-13.148493069367749,9.97056505629041,-25.80022025734741,28.525669099620384,9.97056505629041,Sp1425-3650
-0.5,None,-40.84403242362675,-24.372479096648767,-51.391805950340576,-13.117215994679372,-24.372479096648767,Sp1427+6056
-0.5,None,-42.34226958781526,-11.673504724986346,-68.3883734014375,9.666208836184722,-11.673504724986346,Sp1428+1356
-0.5,None,-46.1689980552094,-18.526281654949063,-70.59199967475982,0.10667055316665675,-18.526281654949063,Sp1428+3310
-0.5,None,-41.31226442017186,-24.344512135807616,-52.6463389074233,-12.56006443519861,-24.344512135807616,Sp1428+5923
-0.5,None,-32.3778062053159,-3.299717510507472,-52.9716496490706,18.72935092062115,-3.299717510507472,Sp1428-0644
-0.5,None,-44.918534157463164,-22.278208198314747,-62.65525087892183,-6.755613868890308,-22.278208198314747,Sp1429+4650
-0.5,None,5.929206217361323,18.550228387794768,-1.092078650437344,29.51564495938269,18.550228387794768,Sp1429-6240
-0.5,None,-40.93909908379647,-24.649703892799018,-52.22625701423376,-12.946878285947621,-24.649703892799018,Sp1430+5943
-0.5,None,-16.25469074726523,6.652909391425745,-30.64003258057746,26.223583818337158,6.652909391425745,Sp1430-3114
-0.5,None,-23.33960733519041,1.9385778408007013,-40.457140486072994,23.032558013452583,1.9385778408007013,Sp1431-2029
-0.5,None,-44.15668342004351,-16.654297296246686,-70.79306662665687,3.5093457185322534,-16.654297296246686,Sp1433+2432
-0.5,None,-20.72214572113573,2.5793500535472127,-37.308717985337175,23.265694187969547,2.5793500535472127,Sp1434-2335
-0.5,None,-20.717222613899487,2.514587893904541,-37.33239939867956,23.204711314006655,2.514587893904541,Sp1435-2333
-0.5,None,-44.22482940573317,-18.75403313684489,-70.03610795934131,0.7567003534788661,-18.75403313684489,Sp1436+2900
-0.5,None,2.796989052121639,15.935161304107606,-5.818675165859422,28.702073485889077,15.935161304107606,Sp1436-5721
-0.5,None,-38.36706951927198,-25.925630856684936,-47.986867593526206,-15.650071782863733,-25.925630856684936,Sp1438+6408
-0.5,None,-41.52199774972391,-16.27095525723567,-68.322552247508,4.633003196625169,-16.27095525723567,Sp1439+1929
-0.5,None,-34.436479321423924,-10.909641291466567,-58.64365564959729,11.130389906491867,-10.909641291466567,Sp1443+0316
-0.5,None,-42.60227707565361,-20.749809302783795,-68.14757152424049,-1.2862011576824484,-20.749809302783795,Sp1444+3002
-0.5,None,-21.13805110016012,-0.8180570630964686,-39.262620850141786,20.156289176428448,-0.8180570630964686,Sp1444-2019
-0.5,None,-37.34411314718205,-26.781472592780872,-46.989258487351705,-16.672684636578715,-26.781472592780872,Sp1445+6447
-0.5,None,-32.50057448223017,-10.291446645767,-56.1234982328345,11.790163389137826,-10.291446645767,Sp1446+0024
-0.5,None,-8.088599427324086,7.5025340956179045,-21.468736204404355,25.09172101887176,7.5025340956179045,Sp1446-3952
-0.5,None,-40.65117524931499,-26.231577866250248,-55.75767914235626,-12.361255761630504,-26.231577866250248,Sp1447+5335
-0.5,None,-13.16694931850472,3.8104862299371627,-28.566153929702654,23.0186087043785,3.8104862299371627,Sp1447-3158
-0.5,None,-41.783377109999726,-24.4684468552092,-64.00013773456834,-6.750361464459608,-24.4684468552092,Sp1450+3920
-0.5,None,-40.71954527943014,-26.392957983039683,-57.15048635323252,-11.772303345882754,-26.392957983039683,Sp1450+5112
-0.5,None,-8.920884308196195,5.621791149307643,-23.190413231087234,23.65557156075802,5.621791149307643,Sp1451-3732
-0.5,None,-36.564745392972924,-17.282040152710803,-63.02322937478437,4.3047635516679,-17.282040152710803,Sp1453+1346
-0.5,None,-36.73204669398851,-17.520640543877068,-63.25344646220703,4.024183161246863,-17.520640543877068,Sp1453+1420
-0.5,None,-41.20477854571499,-24.617446861710224,-64.22932877898566,-6.460622583268141,-24.617446861710224,Sp1453+3733
-0.5,None,10.181163769131512,17.21578834990806,3.029592223081235,26.78513497653804,17.21578834990806,Sp1454-6604
-0.5,None,-39.661069517135324,-21.909680891027932,-65.96653171703389,-1.6962569698530536,-21.909680891027932,Sp1455+2619
-0.5,None,-15.021992464162182,-0.5417035279566406,-32.43663001262818,19.439364156035815,-0.5417035279566406,Sp1456-2631
-0.5,None,-14.395387720961505,0.23461721274063388,-31.427732091864055,20.030174151389353,0.23461721274063388,Sp1456-2747
-0.5,None,-14.058616335117746,0.288037743599849,-31.03817863163788,20.014519933839743,0.288037743599849,Sp1456-2809
-0.5,None,-40.296741296935494,-26.786486051271954,-59.930852843188276,-10.419273848397161,-26.786486051271954,Sp1457+4517
-0.5,None,-38.475283674662464,-27.971920204273083,-52.48700001937089,-14.95493241082105,-27.971920204273083,Sp1457+5639
-0.5,None,-39.356666775818574,-23.30394798341566,-65.21111867357307,-3.4064369900499902,-23.30394798341566,Sp1458+2839
-0.5,None,-32.16518798942981,-15.659531840166046,-57.55658721261097,6.3568231071953605,-15.659531840166046,Sp1459+0604
-0.5,None,-36.74527848295459,-20.929717950636544,-63.56568692116409,0.21619273781259982,-20.929717950636544,Sp1500+1927
-0.5,None,-39.88382977682755,-26.865126080872013,-60.97935226725026,-9.704765399167062,-26.865126080872013,Sp1500+4219
-0.5,None,-28.829121129531394,-13.100883875707876,-52.86040763289209,8.97144853193883,-13.100883875707876,Sp1500-0039
-0.5,None,-37.53218155541706,-22.151967517529425,-64.2180222514051,-1.3865104941130564,-22.151967517529425,Sp1501+2250
-0.5,None,-5.708031652296335,4.931801976227757,-20.01509539581598,22.228712278038834,4.931801976227757,Sp1501-4003
-0.5,None,-15.281016463180974,-3.2301256964103224,-33.823533567313056,17.026068583957098,-3.2301256964103224,Sp1504-2355
-0.5,None,-33.412229584070666,-28.467158599574933,-41.20642077904692,-20.390757072735184,-28.467158599574933,Sp1506+7029
-0.5,None,-18.941755616988956,-7.5354476923892495,-39.56979070983898,13.585586241500454,-7.5354476923892495,Sp1507-1627
-0.5,None,-16.981654999453458,-5.765667824994182,-36.70631034674272,14.96164373529201,-5.765667824994182,Sp1507-2000
-0.5,None,-7.914411651289246,1.1494653448835246,-23.99967679932231,19.46795623675406,1.1494653448835246,Sp1508-3445
-0.5,None,-16.881180709492963,-6.396605208577297,-36.840222181932475,14.362519655252795,-6.396605208577297,Sp1509-1932
-0.5,None,-11.312746064832046,-1.9136354918435001,-28.94833769467558,17.481075106806113,-1.9136354918435001,Sp1509-2853
-0.5,None,-11.497920716826714,-2.3765898262409486,-29.336621852682416,17.1010117641321,-2.3765898262409486,Sp1510+2818
-0.5,None,-37.80545531511003,-27.61821438371341,-61.46404855985179,-8.964943689555787,-27.61821438371341,Sp1510+3619
-0.5,None,-25.694308128191434,-14.431833504784818,-49.68730243950381,7.576875329919722,-14.431833504784818,Sp1510-0241
-0.5,None,-20.99423308628355,-10.298560496618476,-42.905098879358874,11.21907671387752,-10.298560496618476,Sp1510-1147
-0.5,None,-11.499211107617969,-2.376940445805161,-29.338171915258656,17.10095362176359,-2.376940445805161,Sp1510-2818
-0.5,None,-37.12387510783389,-27.590414899743955,-61.54053320926331,-8.453779115868551,-27.590414899743955,Sp1512+3403
-0.5,None,-21.20494851443962,-11.353010233645366,-43.52226697195855,10.23959516963384,-11.353010233645366,Sp1512-1032
-0.5,None,-14.174939806810706,-5.763034150179848,-33.605110535175804,14.517351179787122,-5.763034150179848,Sp1513-2243
-0.5,None,-34.808982807059024,-25.299811770649995,-61.361870398715496,-4.490319716298104,-25.299811770649995,Sp1514+2341
-0.5,None,-13.911904445802863,-5.844538262421611,-33.346696126762836,14.39797099202439,-5.844538262421611,Sp1514-2254
-0.5,None,-37.09574147942728,-30.110246578560723,-55.535187750072836,-14.497231807514902,-30.110246578560723,Sp1515+4847
-0.5,None,-25.522497707434077,-16.620542806952372,-50.1674758560598,5.425734502251079,-16.620542806952372,Sp1515-0030
-0.5,None,-29.734840071517226,-21.036326327826977,-56.04050902949568,0.9254963782577531,-21.036326327826977,Sp1516+0942
-0.5,None,-13.451424275328046,-5.940645633769748,-32.87649094299203,14.230675471650525,-5.940645633769748,Sp1516-2315
-0.5,None,3.46853624829406,8.086192332991631,-8.683086374795822,22.14867747898378,8.086192332991631,Sp1517-5128
-0.5,None,-6.57037306624655,-1.0247938613589085,-23.42724286527189,17.22879311095741,-1.0247938613589085,Sp1519-3407
-0.5,None,16.75075292054645,18.558594533294904,11.278998686194551,24.874924125121655,18.558594533294904,Sp1519-7416
-0.5,None,-5.343749406386686,-0.20848203170525995,-21.765629175066177,17.649432093884187,-0.20848203170525995,Sp1520-3559
-0.5,None,-35.98389286853004,-31.174569204556683,-53.5818529171279,-16.12375019015919,-31.174569204556683,Sp1521+5053
-0.5,None,-11.843949791151303,-7.036014209649935,-31.522164746371843,12.946636569497452,-7.036014209649935,Sp1523-2347
-0.5,None,-33.54071594934565,-28.818917516761875,-59.378747915027546,-8.51765580967932,-28.818917516761875,Sp1524+2812
-0.5,None,-33.910800383449185,-28.990880027628688,-59.509359232070466,-8.886499344443392,-28.990880027628688,Sp1524+2925
-0.5,None,-34.05659586152595,-31.30963314964203,-46.59273599857138,-19.797640491773926,-31.30963314964203,Sp1524+6132
-0.5,None,4.266634381907546,6.899331586990073,-8.336082650610773,20.910948051017144,6.899331586990073,Sp1525-5110
-0.5,None,-31.353659244887417,-27.038729167168846,-58.082894164475434,-5.773034308248403,-27.038729167168846,Sp1526+2043
-0.5,None,-18.782759561935933,-15.088961252701358,-42.04395327920251,6.466524217425581,-15.088961252701358,Sp1527-0918
-0.5,None,-7.724018167909866,-5.425343104795067,-26.40296366904685,13.581015288703618,-5.425343104795067,Sp1529-2907
-0.5,None,-26.49025037106598,-24.07850367431702,-52.94338234545343,-2.0584945576009526,-24.07850367431702,Sp1530+0926
-0.5,None,6.354980411331363,7.554386988295261,-5.763554328780711,20.73977485692548,7.554386988295261,Sp1530-5342
-0.5,None,-28.963768231625338,-26.866039222573022,-55.784479671827256,-5.2065416770870465,-26.866039222573022,Sp1531+1641
-0.5,None,-26.59801440732515,-26.167319990563794,-53.301287058277445,-4.233322245516364,-26.167319990563794,Sp1534+1219
-0.5,None,-14.575732010219685,-14.289173794546478,-37.07927197765544,6.72091609262462,-14.289173794546478,Sp1534-1418
-0.5,None,4.354320815489301,4.6503035952623275,-9.21726943283805,19.028431864713422,4.6503035952623275,Sp1534-4914
-0.5,None,-31.36772823679925,-31.768290786771257,-56.78729123963183,-11.615877550508937,-31.36772823679925,Sp1536+2959
-0.5,None,-0.3615156288147705,-0.9413670615548684,-16.654757201856423,15.709147597804286,-0.3615156288147705,Sp1537-3954
-0.5,None,-29.759120265722228,-30.064361530918674,-36.44402978922546,-23.650194878346646,-29.759120265722228,Sp1539+7437
-0.5,None,-17.98272757146084,-19.733117646195932,-42.49736561902178,1.9896722897147583,-17.98272757146084,Sp1539-0520
-0.5,None,-32.69296321733426,-34.20877055532895,-53.7728489913003,-16.97120184011977,-32.69296321733426,Sp1540+4347
-0.5,None,-7.218270570650757,-9.087687819901154,-27.195686573004764,10.196998470705084,-7.218270570650757,Sp1540-2613
-0.5,None,6.213707265103517,4.763484591372192,-7.141775779943962,18.514308191302774,6.213707265103517,Sp1540-5101
-0.5,None,-30.32896445158454,-33.99825498824166,-54.998679426088664,-14.291690186428344,-30.32896445158454,Sp1544+3301
-0.5,None,-31.773395222141335,-35.137846695642835,-52.87409974778359,-17.873647952295514,-31.773395222141335,Sp1545+4350
-0.5,None,-32.195808713618916,-34.88083692301409,-49.67758224006045,-20.0915373164518,-32.195808713618916,Sp1545+5214
-0.5,None,-7.95685374481297,-11.885507320576446,-28.973813096583186,7.828060114984771,-7.95685374481297,Sp1545-2255
-0.5,None,14.476845975692788,12.65238908056613,5.632402591655471,21.646146243943065,14.476845975692788,Sp1545-6608
-0.5,None,9.351876793635176,6.607612284603723,-2.897691102860782,18.93084148997292,9.351876793635176,Sp1546-5534
-0.5,None,-12.532515435579423,-17.355085603383277,-35.75217843846417,3.5997229815393013,-12.532515435579423,Sp1547-1317
-0.5,None,-6.776085002771294,-11.47407721257895,-27.54077506231801,7.965702395530234,-6.776085002771294,Sp1547-2423
-0.5,None,-10.504134004178173,-15.978036942476562,-33.0946164566794,4.560061781578779,-10.504134004178173,Sp1548-1636
-0.5,None,1.6531645191901623,-2.887598195989435,-15.238633170297478,13.478019559592827,1.6531645191901623,Sp1549-3954
-0.5,None,-20.785787236999795,-27.26084713969141,-47.171759654614384,-5.178562969835493,-20.785787236999795,Sp1550+0616
-0.5,None,-31.21755082687035,-35.59260540782041,-47.67161999174855,-21.597092573652063,-31.21755082687035,Sp1551+5442
-0.5,None,-30.624652513279774,-33.626111707254005,-42.15396416656977,-23.373942601073587,-30.624652513279774,Sp1551+6457
-0.5,None,-4.79301713922166,-11.273765776205185,-25.305405270520936,7.731508740599344,-4.79301713922166,Sp1552-2623
-0.5,None,-23.034341496894363,-30.959941149575968,-49.85058498358137,-9.018567876292451,-23.034341496894363,Sp1553+1400
-0.5,None,-23.823012163939474,-32.00813539458895,-50.62514035497817,-10.202992346035126,-23.823012163939474,Sp1554+1639
-0.5,None,-21.012238786628497,-29.92755860606992,-47.70579967451839,-7.860531322209114,-21.012238786628497,Sp1555+0954
-0.5,None,-12.412679825235749,-20.79713867998319,-36.57404226077558,0.39516162995943954,-12.412679825235749,Sp1555-0956
-0.5,None,-23.444237716762338,-33.195703605885974,-50.20047542297525,-11.448995831244781,-23.444237716762338,Sp1557+1752
-0.5,None,-30.25509629492085,-35.693781860163035,-44.67778206408716,-23.29897862613348,-30.25509629492085,Sp1557+5914
-0.5,None,-5.421400303227399,-14.824021051795272,-27.15345471289946,4.685734100018969,-5.421400303227399,Sp1559-2226
-0.5,None,-5.191480643882273,-14.554618081185962,-26.817216091204283,4.881082285304628,-5.191480643882273,Sp1559-2254
-0.5,None,-23.439578507774907,-34.41190481485487,-50.084800795870336,-12.789290645996784,-23.439578507774907,Sp1600+1946
-0.5,None,-0.4247994677264105,-9.32582227168738,-19.8804676982934,8.440843107899488,-0.4247994677264105,Sp1600-3205
-0.5,None,6.285306042729803,-0.977790476276389,-9.461370900744976,13.73047039767232,6.285306042729803,Sp1600-4543
-0.5,None,1.0988657320321382,-7.726450864059877,-17.658369528865315,9.448442207146709,1.0988657320321382,Sp1601-3455
-0.5,None,-15.940324305778816,-28.02906903493727,-42.01290921519102,-6.092334812092549,-15.940324305778816,Sp1602+0131
-0.5,None,-29.50846270859837,-35.46325039471145,-42.35358984114255,-24.37893147611987,-29.50846270859837,Sp1602+6242
-0.5,None,-3.992945817583613,-14.5021693060301,-25.492317737861608,4.6801396621711335,-3.992945817583613,Sp1602-2401
-0.5,None,-2.080720168712989,-12.055697813070658,-22.614488003717295,6.433163108137264,-2.080720168712989,Sp1602-2803
-0.5,None,1.3613120322782168,-7.9517392302801815,-17.455439869092203,9.184013563784427,1.3613120322782168,Sp1602-3455
-0.5,None,-18.654677486849774,-31.692496788920366,-45.361392655239335,-9.609446338225425,-18.654677486849774,Sp1604+0908
-0.5,None,0.724177827924549,-9.35940601921921,-18.646662472222516,8.12291363234831,0.724177827924549,Sp1604-3303
-0.5,None,-22.12375925010423,-35.58802552497014,-48.75883664084073,-13.909084478239796,-22.12375925010423,Sp1605+1931
-0.5,None,-27.53363935526557,-38.97539811439637,-49.7916139755537,-20.798405026148224,-27.53363935526557,Sp1606+4054
-0.5,None,-12.123353591901873,-26.086205385808523,-37.48251404138403,-4.570904374799714,-12.123353591901873,Sp1607-0442
-0.5,None,-7.2607063527140605,-20.496979595588975,-30.82144887331756,-0.09943515824149983,-7.2607063527140605,Sp1607-1512
-0.5,None,-21.72833655931402,-36.2678639495888,-48.320028106013694,-14.608119146286635,-21.72833655931402,Sp1608+1957
-0.5,None,-12.002608777066197,-26.187426735552172,-37.370637616309274,-4.678807436097574,-12.002608777066197,Sp1608-0443
-0.5,None,-23.177109975679844,-37.66940749952776,-49.24570999035241,-16.501043477749764,-23.177109975679844,Sp1609+2457
-0.5,None,2.426452988771519,-9.34657748157522,-16.799383898987497,7.692697738790547,2.426452988771519,Sp1609-3431
-0.5,None,-10.537503153339852,-25.889417419219196,-35.705076606238826,-4.571115459902688,-10.537503153339852,Sp1610-0631
-0.5,None,4.6609585295129285,-7.250266151827254,-13.631584312841898,8.891025351657966,4.6609585295129285,Sp1611-3823
-0.5,None,-2.308506199506251,-16.87740710530629,-24.3893518856782,2.202820463192431,-2.308506199506251,Sp1613-2313
-0.5,None,-11.399516842758022,-28.505238010929183,-37.149027152360425,-6.915514456791403,-11.399516842758022,Sp1614-0250
-0.5,None,-14.764801986981611,-32.8251899422104,-41.358213201117906,-10.79487114270827,-14.764801986981611,Sp1615+0546
-0.5,None,-24.767427490983387,-40.62602774016992,-48.51095692584074,-21.23789557664638,-24.767427490983387,Sp1615+3558
-0.5,None,-15.249548136214836,-33.711710175106106,-41.94062505963086,-11.647729265714444,-15.249548136214836,Sp1616+0725
-0.5,None,12.17281139940523,1.9668163872637248,-1.833982121285461,14.211828525462513,12.17281139940523,Sp1616-5331
-0.5,None,-11.850151672211453,-31.411670437967896,-38.08776185409602,-9.615274810915814,-11.850151672211453,Sp1619+0050
-0.5,None,-9.425845930470858,-29.07078181452467,-35.1053889785985,-7.663852558405783,-9.425845930470858,Sp1620-0416
-0.5,None,-9.35916138029225,-29.44891727169786,-35.09864807948074,-8.023609346490243,-9.35916138029225,Sp1621-0356
-0.5,None,5.699700763727066,-9.396718740739036,-13.28179979225676,6.755955182974548,5.699700763727066,Sp1621-3711
-0.5,None,19.804949448183006,13.422891354994364,12.119190966525467,19.953860307755843,19.804949448183006,Sp1621-7151
-0.5,None,-26.06129982558124,-41.125701476242604,-45.08943692527188,-25.405654727668203,-26.06129982558124,Sp1622+4934
-0.5,None,-8.251705929750285,-29.37592078881321,-33.887307427585725,-8.09280109678083,-8.251705929750285,Sp1623-0508
-0.5,None,-2.5937562592684325,-21.982498772139937,-26.12237904892334,-2.3022274022798244,-2.5937562592684325,Sp1623-1758
-0.5,None,-2.27624372568775,-22.547100606310746,-25.922208403455034,-2.871827952712685,-2.27624372568775,Sp1625-1742
-0.5,None,-18.27219283042915,-40.58178784581599,-44.64736127866358,-18.91495738555731,-18.27219283042915,Sp1626+2113
-0.5,None,-19.49108343289239,-41.60265817168442,-45.384749634835586,-20.33341219053291,-19.49108343289239,Sp1626+2512
-0.5,None,-7.1313982027455225,-28.984868934432708,-32.60484567632325,-7.882929647857206,-7.1313982027455225,Sp1626-0639
-0.5,None,7.176804830821804,-9.582581960296025,-11.755320357172232,6.175393502815619,7.176804830821804,Sp1626-3812
-0.5,None,-26.092121817806174,-29.62873868651788,-30.310398471221152,-26.081763373668515,-26.092121817806174,Sp1627+8105
-0.5,None,1.1415430613664488,-18.697193192298425,-21.183129825314488,-0.18303964202448597,1.1415430613664488,Sp1627-2425
-0.5,None,-12.657565871586499,-36.43683784350627,-39.41234252371282,-14.395619379595296,-12.657565871586499,Sp1628+0737
-0.5,None,0.33732665356536584,-21.166582953857993,-22.735005706827852,-2.189151554263298,0.33732665356536584,Sp1630-2120
-0.5,None,-20.754578579139597,-43.59338211811173,-45.269268713820935,-23.390771924586296,-20.754578579139597,Sp1631+3227
-0.5,None,-21.155391258206894,-44.086214862811225,-45.02054001589979,-24.395995613331994,-21.155391258206894,Sp1632+3505
-0.5,None,-5.632731284833687,-30.500009904259883,-31.25583323577284,-9.490363309125392,-5.632731284833687,Sp1632-0631
-0.5,None,19.583245124232846,10.194839859720343,10.210778576419735,17.73140488916024,19.583245124232846,Sp1633-6808_1
-0.5,None,19.58430543364114,10.194162262358876,10.21164749693588,17.730468328777878,19.58430543364114,Sp1633-6808_2
-0.5,None,21.74486942780567,15.476974136819383,15.49577838283468,20.503251374298376,21.74486942780567,Sp1633-7553
-0.5,None,-7.60829163528942,-35.30056649572483,-34.035818327703666,-13.678908347896472,-7.60829163528942,Sp1637+0037
-0.5,None,-20.4977156387763,-44.928493507855805,-44.1981986357955,-25.325213519563178,-20.4977156387763,Sp1637+3535
-0.5,None,7.9539845137696075,-13.766624884183418,-12.340907201860588,2.3630036194423334,7.9539845137696075,Sp1639-3444
-0.5,None,8.240754282661952,-13.884544533103272,-12.071657399912514,2.1804058148779206,8.240754282661952,Sp1640-3451
-0.5,None,9.460193828692717,-12.74034159148621,-10.386425795701758,2.8111475548037292,9.460193828692717,Sp1642-3654
-0.5,None,-17.13940839817886,-46.417264319131625,-42.025955138921326,-25.703747859576517,-17.13940839817886,Sp1645+3004
-0.5,None,-5.096799751210251,-36.00187337581386,-31.45862182411764,-14.626071000310427,-5.096799751210251,Sp1645-0112
-0.5,None,0.06305934751513234,-28.97904943397387,-24.853830481286202,-9.103131701811293,0.06305934751513234,Sp1645-1319
-0.5,None,-16.981782739974175,-46.67413393711548,-41.81519792629595,-25.98869106550938,-16.981782739974175,Sp1646+3016
-0.5,None,-18.34172314828831,-46.86691154668263,-42.21394965617674,-26.998087609391014,-18.34172314828831,Sp1646+3434
-0.5,None,-22.512209513034723,-44.60345715427355,-41.27658918299131,-29.206124964432632,-22.512209513034723,Sp1646+5019
-0.5,None,-20.174952164565607,-46.57338146630821,-42.161382964658536,-28.345337099930205,-20.174952164565607,Sp1647+4117
-0.5,None,-4.8653085627754615,-37.141131596540156,-31.33249380295769,-15.708712710233113,-4.8653085627754615,Sp1648-0012
-0.5,None,7.425334930800924,-18.99581015827469,-14.515145115349355,-2.0176185949091887,7.425334930800924,Sp1648-2913
-0.5,None,-6.769579352144832,-39.772601948341865,-33.509265240880275,-17.961924281601302,-6.769579352144832,Sp1649+0444
-0.5,None,-15.814104121102293,-47.04577292960934,-40.98417650563872,-26.043530177534336,-15.814104121102293,Sp1649+2822
-0.5,None,19.067792461466837,3.390149273364893,6.37601915930062,12.813574263048146,19.067792461466837,Sp1650-6026
-0.5,None,-3.841439407520024,-38.29483903196835,-30.36621845822203,-16.90560713163928,-3.841439407520024,Sp1653+0000
-0.5,None,-23.703321330786824,-40.913820101214604,-37.18275831614158,-30.17815971711819,-23.703321330786824,Sp1653+6231
-0.5,None,-17.73035531856224,-48.419406903789046,-40.68537258181934,-29.259243875978747,-17.73035531856224,Sp1654+3747
-0.5,None,12.132940496738081,-13.34229998485586,-7.725727234855633,1.5010845376894422,12.132940496738081,Sp1654-3818
-0.5,None,0.22918617547967335,-33.98854452803787,-25.552428079299926,-13.634638501178115,0.22918617547967335,Sp1655-0823
-0.5,None,2.941469697781525,-30.39170415962279,-22.053583457845054,-10.961014614152063,2.941469697781525,Sp1656-1422
-0.5,None,5.63179464349476,-26.15774012924975,-18.293605920507968,-7.830276471674167,5.63179464349476,Sp1656-2046
-0.5,None,-7.366159326440799,-44.37410714981084,-34.16194485601407,-22.3295446190087,-7.366159326440799,Sp1657+1054
-0.5,None,1.1048566588178939,-33.502952378756476,-24.548476802305977,-13.364292939267397,1.1048566588178939,Sp1657-0940
-0.5,None,-20.74716035451555,-46.267470298182694,-39.19946857908961,-31.220503526624714,-20.74716035451555,Sp1658+5103
-0.5,None,-24.24820149284316,-37.12871912152645,-33.947754215291795,-29.62499312623101,-24.24820149284316,Sp1658+7027
-0.5,None,-15.967049484445077,-49.583499028953725,-39.537345416730595,-29.8079364251804,-15.967049484445077,Sp1659+3515
-0.5,None,4.8392838828208955,-29.421208854522853,-19.843812630312783,-10.524018736242919,4.8392838828208955,Sp1700-1654
-0.5,None,7.012499806273517,-25.8872792284469,-16.760469667471877,-7.934168629642599,7.012499806273517,Sp1700-2207
-0.5,None,6.797997816669018,-26.602177575242074,-17.15405001504023,-8.508426034569274,6.797997816669018,Sp1701-2115
-0.5,None,19.206786919786772,-1.17946134500134,4.511143115941042,9.177528355311289,19.206786919786772,Sp1702-5542
-0.5,None,1.2208992429187497,-37.89121787892966,-25.021242864599003,-17.33149062017401,1.2208992429187497,Sp1705-0516
-0.5,None,2.8283060927730737,-35.486702363473455,-23.022526142577465,-15.482405586620994,2.8283060927730737,Sp1705-0909
-0.5,None,19.36965645831413,-2.2551421607775874,4.232958424292962,8.261325859393514,19.36965645831413,Sp1705-5441
-0.5,None,4.782352629845989,-33.05855446276695,-20.57999769285181,-13.735315942952045,4.782352629845989,Sp1706-1314
-0.5,None,-17.055995605303217,-50.00137717166226,-38.32661621661217,-32.31479206383098,-17.055995605303217,Sp1707+4301
-0.5,None,-22.54015207955529,-41.13140946678781,-35.072468460309686,-31.454978318097393,-22.54015207955529,Sp1707+6439
-0.5,None,1.8693283293208274,-37.78479060270142,-24.328936807472612,-17.355370460005624,1.8693283293208274,Sp1707-0558
-0.5,None,16.291625059619808,-11.543369271826062,-2.6674269080217843,1.7091775194951337,16.291625059619808,Sp1708-4302
-0.5,None,23.49512047084642,11.276797924275098,15.276203771849227,16.83249444951255,23.49512047084642,Sp1709-7226
-0.5,None,-11.264690833086958,-51.70307518968264,-36.26820608654395,-30.519694029888125,-11.264690833086958,Sp1710+2758
-0.5,None,-15.490042240833805,-51.302618719281945,-37.501884630415205,-32.868773123215476,-15.490042240833805,Sp1711+4028
-0.5,None,1.850545349580507,-40.2724444972476,-24.606159938058063,-19.591034366656245,1.850545349580507,Sp1712-0323
-0.5,None,11.756937540455011,-23.789150863449397,-11.212776381464126,-7.372594525781135,11.756937540455011,Sp1712-2742
-0.5,None,-4.262534042390531,-48.53247084717911,-30.962516784488933,-26.498592043590453,-4.262534042390531,Sp1713+1211
-0.5,None,16.20436377792408,-14.638101689875494,-3.8144613855279057,-0.866054736700766,16.20436377792408,Sp1713-3952
-0.5,None,-1.8593663636755362,-46.31984662548253,-28.680844181149894,-24.583098491623993,-1.8593663636755362,Sp1714+0648
-0.5,None,-11.266350179353228,-52.79578180224254,-35.76629827572588,-31.969721102449572,-11.266350179353228,Sp1714+3019
-0.5,None,7.4284183355138,-33.16286934994319,-17.805681479420727,-14.442495453413626,7.4284183355138,Sp1715-1515
-0.5,None,16.383707650364276,-15.143696034979177,-3.7897114429859977,-1.3506930202922414,16.383707650364276,Sp1715-3928
-0.5,None,2.8204675141343025,-41.25199358103528,-23.68410780540266,-20.64948899802129,2.8204675141343025,Sp1716-0315
-0.5,None,-20.61256751974812,-44.068601599233546,-34.74230226432266,-33.203250399645626,-20.61256751974812,Sp1717+6112
-0.5,None,-21.669314490138348,-41.53324222328235,-33.85337480426448,-32.344580378996795,-21.669314490138348,Sp1717+6526
-0.5,None,24.809737966842096,20.618525944871397,22.26250103414078,22.27593180527158,24.809737966842096,Sp1717-8449
-0.5,None,-22.099350626797026,-40.01681517969043,-33.04988979688833,-31.883092984439013,-22.099350626797026,Sp1718+6802
-0.5,None,17.668153683786123,-13.950864448824563,-2.029381099575339,-0.7598335380769586,17.668153683786123,Sp1718-4131
-0.5,None,19.156438157714028,-9.893465864475838,0.9882122134564068,2.125476098604479,19.156438157714028,Sp1718-4637
-0.5,None,19.491001500196788,-9.152626282976208,1.621487830833059,2.621776401820174,19.491001500196788,Sp1719-4736
-0.5,None,-15.41573386345601,-51.77735197525991,-35.992128842181764,-34.73794210496401,-15.41573386345601,Sp1720+4446
-0.5,None,11.386465277590043,-29.497538195264386,-12.93617709232782,-12.242288837323885,11.386465277590043,Sp1721-2149
-0.5,None,-12.297127933813575,-54.064769955384094,-35.03137168659444,-34.79669965786741,-12.297127933813575,Sp1723+3724
-0.5,None,5.452999015603336,-42.549719693847734,-21.066355582854865,-22.32590967943114,5.452999015603336,Sp1726-0415
-0.5,None,14.60161176715796,-25.854154686622095,-8.729892170424664,-9.983626634635453,14.60161176715796,Sp1726-2737
-0.5,None,4.541338485324473,-44.775517504248775,-22.151768095797113,-24.135964403161573,4.541338485324473,Sp1727-0111
-0.5,None,0.4247537038985455,-50.18045657934572,-26.345256466058416,-28.427478928868798,0.4247537038985455,Sp1728+0839
-0.5,None,-22.718934558697427,-35.692279126514066,-30.131280207640533,-30.53972899268875,-22.718934558697427,Sp1728+7518
-0.5,None,-11.370598521919167,-55.20037201270351,-33.8325704680409,-36.13852538475189,-11.370598521919167,Sp1729+3805
-0.5,None,-19.407714486117335,-44.963693480747864,-33.36858093670116,-34.457169215579775,-19.407714486117335,Sp1729+6131
-0.5,None,-2.211864531881329,-53.9269652118734,-28.524139949208873,-31.843797837294815,-2.211864531881329,Sp1731+1619
-0.5,None,-6.74708241886245,-56.29730016604556,-31.59127316795526,-34.9254900596442,-6.74708241886245,Sp1731+2721
-0.5,None,-7.675382765220594,-56.59488779424494,-31.988444887015607,-35.65730559128323,-7.675382765220594,Sp1732+3004
-0.5,None,-5.981816922678178,-56.544642949478984,-30.997147560727615,-35.019384870722455,-5.981816922678178,Sp1733+2615
-0.5,None,-8.147807161328924,-56.77667928647276,-32.0974337661048,-36.15753270130979,-8.147807161328924,Sp1733+3144
-0.5,None,12.174187466037312,-35.06964522697217,-13.154430968045856,-17.334570661905165,12.174187466037312,Sp1733-1654
-0.5,None,9.089901410781891,-40.96171452530614,-17.15740870735229,-21.729903142438822,9.089901410781891,Sp1734-0849
-0.5,None,10.385391188407748,-38.8930464857745,-15.57340210010375,-20.225477398519335,10.385391188407748,Sp1734-1151
-0.5,None,16.04824817980719,-27.262044547395444,-7.54939423059273,-11.633719997315145,16.04824817980719,Sp1734-2711
-0.5,None,5.690237768966354,-47.137794325352395,-21.0821192311365,-26.472720972739623,5.690237768966354,Sp1735+0012
-0.5,None,-5.669620601928551,-57.06584644048412,-30.599117409301154,-35.57243784353075,-5.669620601928551,Sp1735+2634
-0.5,None,16.40695669614739,-26.915921182573108,-7.092553029692944,-11.442118292566953,16.40695669614739,Sp1735-2745
-0.5,None,21.87844805773762,-11.943719296210674,3.1460310468845445,-0.5057596774279373,21.87844805773762,Sp1735-4611
-0.5,None,18.858819988867143,-21.741222279119864,-3.1826577898234705,-7.7512771271569605,18.858819988867143,Sp1736-3425
-0.5,None,-13.463289003768136,-53.67098841594384,-33.06312657537178,-37.672417472874045,-13.463289003768136,Sp1737+4705
-0.5,None,-4.1035274505414625,-57.83700655881237,-29.253361142827128,-36.128867396280434,-4.1035274505414625,Sp1739+2454
-0.5,None,-16.19309448669249,-49.65473214469664,-32.62394912996596,-36.999691657619614,-16.19309448669249,Sp1739+5532
-0.5,None,3.0464697646600087,-53.64080415126837,-23.630667465624207,-31.9398571917436,3.0464697646600087,Sp1741+0940
-0.5,None,-0.40891503635826637,-57.52950897956901,-26.370930836441712,-35.44757854256217,-0.40891503635826637,Sp1743+1832
-0.5,None,-1.7169360327138028,-58.22400965033897,-27.321469568159262,-36.22908842830529,-1.7169360327138028,Sp1743+2127
-0.5,None,-16.828072571709075,-48.10619311363271,-31.917122030099897,-36.82803305592139,-16.828072571709075,Sp1743+5844
-0.5,None,-24.02627156435786,-28.27239723867326,-26.339587657660502,-26.800353057241622,-24.02627156435786,Sp1743+8526
-0.5,None,25.32518584241218,-2.134965130169374,10.793811224538862,6.128443355503957,25.32518584241218,Sp1744-5834
-0.5,None,14.717943564367454,-37.10069920494833,-10.831087139666055,-19.82079869090827,14.717943564367454,Sp1745-1640
-0.5,None,-4.480941146821446,-59.65153722967162,-28.787855597805894,-38.489421673873075,-4.480941146821446,Sp1746+2903
-0.5,None,-8.211641432491353,-58.44779599709798,-30.583270247580494,-39.29693354608199,-8.211641432491353,Sp1746+3731
-0.5,None,-13.481700005769762,-53.222797325257964,-31.75198815223657,-38.729900096837525,-13.481700005769762,Sp1746+5034
-0.5,None,10.65891855186024,-45.20737340851378,-15.91292643239363,-25.859701433573452,10.65891855186024,Sp1746-0551
-0.5,None,20.193133208967748,-24.731236508591245,-2.5960364191209555,-10.74225035630689,20.193133208967748,Sp1746-3214
-0.5,None,-0.9541301911954563,-59.896427058038974,-26.301739713122366,-37.95435392094922,-0.9541301911954563,Sp1749+2241
-0.5,None,-10.382082643041343,-56.8170456683324,-30.69381071671754,-40.03051364521381,-10.382082643041343,Sp1750+4424
-0.5,None,-6.561248469081357,-59.926132869526256,-29.18139648070004,-40.416282280221765,-6.561248469081357,Sp1751+3610
-0.5,None,20.75611498063989,-27.476948749164862,-2.6948451237419437,-13.288282255097217,20.75611498063989,Sp1752-2949
-0.5,None,24.40917197027379,-14.66606940329247,4.868002236967293,-3.644296116767327,24.40917197027379,Sp1752-4446
-0.5,None,26.47458860709656,13.161638019815909,19.841015956255436,16.77486394489621,26.47458860709656,Sp1752-7642
-0.5,None,18.710436896464934,-32.99725796976313,-5.9991355566744184,-17.427934284445104,18.710436896464934,Sp1753-2312
-0.5,None,26.89100524497912,3.7717508546433303,15.30887528159829,9.990306788369079,26.89100524497912,Sp1753-6559
-0.5,None,-17.480702215982966,-45.36071250794078,-30.152431638904634,-36.53162929078302,-17.480702215982966,Sp1754+6408
-0.5,None,-15.254361791567288,-49.49645569401065,-30.374334817960886,-38.421574574468494,-15.254361791567288,Sp1755+5824
-0.5,None,10.881757065880864,-49.89681543764412,-15.908379140647874,-30.05096334278945,10.881757065880864,Sp1755-0126
-0.5,None,18.60149993949985,-35.49304418950127,-6.5612341588402145,-19.57082987318054,18.60149993949985,Sp1756-2042
-0.5,None,20.587604251878272,-30.1119258856232,-3.469726752800448,-15.513516769362436,20.587604251878272,Sp1756-2707
-0.5,None,21.371032161222715,-28.09010050663788,-2.202471925214454,-14.017165158594395,21.371032161222715,Sp1756-2933
-0.5,None,25.20547509061083,-14.561013895955545,5.745063650846058,-3.837822527727089,25.20547509061083,Sp1756-4518
-0.5,None,5.629010736536502,-58.01992998208007,-20.82621584990698,-36.30122275933901,5.629010736536502,Sp1757+1142
-0.5,None,-19.5128322729982,-40.523259283033575,-29.149581235834024,-34.230383452340135,-19.5128322729982,Sp1757+7042
-0.5,None,15.971284702125207,-41.861438178010054,-10.161729001845213,-24.354640372406543,15.971284702125207,Sp1757-1253
-0.5,None,25.246882713202474,-15.531640421142955,5.454110956236421,-4.658323315712786,25.246882713202474,Sp1757-4419
-0.5,None,-3.5547171113039395,-61.929709613064695,-27.069390956975802,-41.33475720366866,-3.5547171113039395,Sp1758+3157
-0.5,None,21.373297342662035,-29.59101929348482,-2.542972709709026,-15.316040141902564,21.373297342662035,Sp1758-2804
-0.5,None,21.77964601042412,-28.807191202285875,-1.9459518378288265,-14.770284939905626,21.77964601042412,Sp1758-2904
-0.5,None,10.168240809970415,-53.380608965472895,-16.646797027065872,-32.962143596287554,10.168240809970415,Sp1759+0235
-0.5,None,17.68234551363998,-39.786033574706266,-8.153831967579183,-23.044679123000694,17.68234551363998,Sp1800-1559
-0.5,None,-20.518162747343577,-37.499635453029214,-28.212986188425933,-32.71531018949671,-20.518162747343577,Sp1801+7442
-0.5,None,22.048809394430688,-29.627760678852233,-1.8534192960967477,-15.568536361744139,22.048809394430688,Sp1801-2825
-0.5,None,17.487754252913426,-41.507788166577015,-8.566966073522263,-24.494854397874516,17.487754252913426,Sp1802-1412
-0.5,None,18.436292757035655,-40.42850972024066,-7.463790879670339,-23.838364880948305,18.436292757035655,Sp1803-1550
-0.5,None,23.042644937877448,-28.036025808626327,-0.4610252983225603,-14.521186231990086,23.042644937877448,Sp1803-3031
-0.5,None,18.829883424931882,-40.21406208531795,-7.033100267878848,-23.77231758665233,18.829883424931882,Sp1804-1616
-0.5,None,23.56218701025283,-27.333965692815504,0.24443277537426175,-14.089512327515678,23.56218701025283,Sp1804-3129
-0.5,None,23.8482924531318,-26.965161871142378,0.6304897353801686,-13.868103823962505,23.8482924531318,Sp1804-3200
-0.5,None,18.3736458605882,-41.90308251253925,-7.7059649079160115,-25.111977204138732,18.3736458605882,Sp1805-1422
-0.5,None,22.874797335330523,-30.51814296240037,-1.1976796991022005,-16.61270154731157,22.874797335330523,Sp1805-2758
-0.5,None,-0.6982324578940137,-64.05756286089881,-24.599787383269632,-42.913448595160425,-0.6982324578940137,Sp1806+2923
-0.5,None,-10.303584318399484,-56.134045396943236,-28.38468398284835,-42.087119131395546,-10.303584318399484,Sp1807+5015
-0.5,None,15.591387894244777,-48.33572810434519,-11.079309725312786,-29.926445146849424,15.591387894244777,Sp1807-0625
-0.5,None,22.366542006324963,-33.292064336282394,-2.288454117292525,-18.85543058832176,22.366542006324963,Sp1807-2459
-0.5,None,-3.263578944901768,-63.31740507595839,-25.790729285732183,-43.6802147706161,-3.263578944901768,Sp1808+3523
-0.5,None,23.470479422060702,-31.155593748678477,-0.7217727283572788,-17.364324197965193,23.470479422060702,Sp1808-2739
-0.5,None,2.834303631549175,-64.31634621458232,-22.182452081776994,-42.33471763263608,2.834303631549175,Sp1809+2259
-0.5,None,11.607730953825115,-57.59855039385185,-15.098150898798039,-37.016320086952284,11.607730953825115,Sp1812+0531
-0.5,None,2.279120282842992,-65.39371867353762,-22.24132991299614,-43.63698490108978,2.279120282842992,Sp1812+2536
-0.5,None,23.977659014243212,-33.41637693949685,-0.6609335595042966,-19.50131381677916,23.977659014243212,Sp1813-2542
-0.5,None,20.826049688282787,-42.12602338342943,-5.229057130240004,-26.084276841614354,20.826049688282787,Sp1814-1536
-0.5,None,22.447775968133207,-38.03251410738435,-3.0254324178384944,-23.024574908290568,22.447775968133207,Sp1814-2025
-0.5,None,28.307724419663202,-15.938129909023196,8.53181080925546,-6.089356446356819,28.307724419663202,Sp1814-4522
-0.5,None,23.41980050594188,-36.28223983947887,-1.7513933443681637,-21.816442463835244,23.41980050594188,Sp1815-2237
-0.5,None,10.525033221436143,-61.41030443804098,-15.871302781127781,-40.16052751328814,10.525033221436143,Sp1817+1017
-0.5,None,-4.016415916958853,-63.18901001634428,-24.80773011942137,-45.727001825784924,-4.016415916958853,Sp1819+4101
-0.5,None,-15.79238664623962,-45.5326952768717,-27.418635771882553,-38.18527679078166,-15.79238664623962,Sp1819+6600
-0.5,None,28.508229279041934,-20.692669064074646,7.187709491944304,-10.13753125934669,28.508229279041934,Sp1819-4032
-0.5,None,29.957977979055578,-4.8410267887215985,14.664528029372468,2.229094456649646,29.957977979055578,Sp1819-5754
-0.5,None,9.58401359944805,-64.3177454736066,-16.409873811630053,-42.61073101450734,9.58401359944805,Sp1821+1414
-0.5,None,30.098598897565243,-2.050701862927306,16.088836077824528,4.322471254810658,30.098598897565243,Sp1821-6101
-0.5,None,-2.6851340314302226,-64.502407659226,-23.881417499473386,-46.45655166860103,-2.6851340314302226,Sp1822+3921
-0.5,None,-3.2436199919500193,-63.96228046820576,-24.10988872628487,-46.380961995402856,-3.2436199919500193,Sp1822+4032
-0.5,None,-18.51133129799781,-39.5573322048597,-26.7890480481988,-34.815682413493604,-18.51133129799781,Sp1824+7316
-0.5,None,19.063613400452986,-52.23786910398091,-7.725027147306966,-34.40464288069631,19.063613400452986,Sp1824-0500
-0.5,None,19.182186599150253,-51.67652769129549,-7.59054909803077,-33.94962449879404,19.182186599150253,Sp1824-0536
-0.5,None,28.454296608859906,-26.08643510887426,5.595300293995487,-14.708397951131797,28.454296608859906,Sp1824-3503
-0.5,None,28.523734660891034,-25.84972651904106,5.728885526297355,-14.530035087965782,28.523734660891034,Sp1824-3519
-0.5,None,-8.309603819564273,-57.484535306198495,-25.681757289034465,-44.56269038335587,-8.309603819564273,Sp1825+5122
-0.5,None,24.47136870318874,-40.70891594578439,-1.3486718695363653,-26.061963885816393,24.47136870318874,Sp1825-1853
-0.5,None,2.555294334306536,-68.14776649621808,-20.798173739776225,-47.18940911245311,2.555294334306536,Sp1826+3014
-0.5,None,22.719647999270414,-46.11112398795959,-3.70495771418365,-30.224508863044292,22.719647999270414,Sp1827-1251
-0.5,None,16.954037118633543,-58.55898110992469,-9.794131817777592,-39.28242729148817,16.954037118633543,Sp1829+0215
-0.5,None,14.372841971806738,-62.525236423461465,-12.084283774379788,-42.01705391211205,14.372841971806738,Sp1829+0757
-0.5,None,5.359236511405475,-69.19711118507163,-18.775129512776484,-47.44293399980876,5.359236511405475,Sp1829+2600
-0.5,None,23.78693408136053,-44.80141038665061,-2.508657717948635,-29.43628404444898,23.78693408136053,Sp1829-1439
-0.5,None,25.3634578822466,-41.34668002703245,-0.5280795184148586,-26.936170332325215,25.3634578822466,Sp1830-1842
-0.5,None,30.94199761494688,0.8461520722350138,18.427657908087706,6.157111701906562,30.94199761494688,Sp1831-6435
-0.5,None,8.013890256218625,-69.77659431830966,-16.677176980440187,-47.71118092070114,8.013890256218625,Sp1833+2225
-0.5,None,30.315311844492715,-28.002123544652115,7.0077752149104136,-17.024655519350553,30.315311844492715,Sp1834-3353
-0.5,None,17.26068996453917,-61.39778760294104,-9.352704625948462,-41.85143511462782,17.26068996453917,Sp1835+0440
-0.5,None,2.8321223523446677,-69.43705243538244,-19.69805814352772,-49.31232243622972,2.8321223523446677,Sp1835+3259
-0.5,None,31.03454714847331,-27.05202767348016,7.982066226328399,-16.467037599326122,31.03454714847331,Sp1836-3507
-0.5,None,12.137906032640567,-68.59978278892049,-13.431891905078603,-46.88885106298668,12.137906032640567,Sp1837+1558
-0.5,None,32.47511612062006,-15.094419825339916,13.202262973274726,-6.929738479748745,32.47511612062006,Sp1837-4755
-0.5,None,5.211142881529449,-71.05948481297169,-17.93380515396738,-50.050181713459196,5.211142881529449,Sp1839+2952
-0.5,None,-2.6765782615408327,-64.07753301355011,-22.03472937922339,-48.71578256974575,-2.6765782615408327,Sp1839+4424
-0.5,None,8.58203575379485,-71.88560120865566,-15.610125035104604,-49.91616814845533,8.58203575379485,Sp1841+2421
-0.5,None,32.90457038424851,-19.206072089239054,12.215276160302476,-10.493901820181343,32.90457038424851,Sp1841-4347
-0.5,None,-14.706588334732702,-45.031729423715696,-25.266292000729848,-39.098891931190515,-14.706588334732702,Sp1842+6751
-0.5,None,20.867897942523822,-58.620862257508385,-5.908869400659735,-40.6143130853782,20.867897942523822,Sp1842-0014
-0.5,None,32.675041588306904,-23.703903985148226,10.578018125762597,-14.202566750093798,32.675041588306904,Sp1842-3905
-0.5,None,33.261429887770376,-12.203720870577758,15.129594312091633,-4.875927790804977,33.261429887770376,Sp1842-5114
-0.5,None,15.587233473624805,-67.40067199614269,-10.414127963575908,-46.585641019623075,15.587233473624805,Sp1843+1132
-0.5,None,7.551909016728603,-72.28543296588997,-16.13174062679448,-50.631213885313855,7.551909016728603,Sp1843+2651
-0.5,None,-0.028372515092330342,-67.0774509305547,-20.391206376264275,-50.1934180272447,-0.028372515092330342,Sp1843+4040
-0.5,None,22.352508634258328,-56.61829481235797,-4.46592289729078,-39.381177884459426,22.352508634258328,Sp1843-0255
-0.5,None,18.12343324101029,-64.84414280248477,-8.249650267531745,-45.11647415588908,18.12343324101029,Sp1845+0711
-0.5,None,1.2705451801990348,-68.4578209041371,-19.53762484930563,-50.85078805206584,1.2705451801990348,Sp1845+3853
-0.5,None,30.703233698468253,-36.564244507437756,5.582178255079997,-24.648831896906525,30.703233698468253,Sp1845-2535
-0.5,None,32.458803927885405,-0.2165013449004877,19.604695224691408,4.743726351967761,32.458803927885405,Sp1845-6357
-0.5,None,32.49847936726668,-29.860298465903025,8.771873207107369,-19.435104487529497,32.49847936726668,Sp1846-3250
-0.5,None,33.0917041281944,-28.57003082494909,9.685638432735825,-18.53583922615146,33.0917041281944,Sp1847-3419
-0.5,None,31.7559976790717,4.438047225739287,21.216374743281666,8.420600930896033,31.7559976790717,Sp1848-6855
-0.5,None,27.772724803375198,17.17562389023593,23.845875017577125,18.70473208419371,27.772724803375198,Sp1848-8214
-0.5,None,31.350787294585512,-38.450783184744445,5.917542322718939,-26.565286683564164,31.350787294585512,Sp1849-2359
-0.5,None,9.195156997596376,-74.15420761530572,-14.331517950294632,-52.46470793154641,9.195156997596376,Sp1851+2641
-0.5,None,-9.513893404320234,-52.87158575731465,-23.342634321842727,-44.47281530063157,-9.513893404320234,Sp1851+5935
-0.5,None,-5.65214501718226,-58.745763387028546,-21.902484739526976,-47.819519815620716,-5.65214501718226,Sp1852+5257
-0.5,None,24.415302400659694,-57.63358940613963,-2.3937216016040908,-41.05798521094407,24.415302400659694,Sp1852-0305
-0.5,None,34.42782348260123,-7.034480723722966,18.552424012461714,-1.232242899850072,34.42782348260123,Sp1852-5708
-0.5,None,35.06978943419685,-22.460668825422193,13.399795964553558,-14.04058454204804,35.06978943419685,Sp1853-4107
-0.5,None,-22.239554999902584,-29.816272681361724,-24.965539487136446,-28.611440645866864,-22.239554999902584,Sp1854+8429
-0.5,None,34.688907998833486,-7.159362971332821,18.779773573556405,-1.432642209978606,34.688907998833486,Sp1854-5704
-0.5,None,32.32197435524276,4.556158182164827,21.936483204517078,8.259338741153575,32.32197435524276,Sp1855-6914
-0.5,None,-11.416340157572474,-49.183421548827546,-23.41231511889795,-42.551834364017665,-11.416340157572474,Sp1856+6356
-0.5,None,27.505371824098816,-53.41509760480546,0.712004087620902,-38.50494942325328,27.505371824098816,Sp1856-0822
-0.5,None,18.316775528906373,-70.35557925210654,-7.4368158321141165,-49.93626178960674,18.316775528906373,Sp1857+1200
-0.5,None,33.383159751329856,-38.79110434162981,7.89652878714346,-27.651379580496005,33.383159751329856,Sp1858-2420
-0.5,None,18.742637486251734,-70.4735246124857,-7.01469745569936,-50.1768534770027,18.742637486251734,Sp1859+1146
-0.5,None,30.968727974650182,9.6640280367109,23.22039874021688,12.374650450410533,30.968727974650182,Sp1859-7435
-0.5,None,12.608662372566467,-76.90235916533382,-11.041439306932983,-54.906325233978414,12.608662372566467,Sp1903+2437
-0.5,None,6.813796385698519,-74.00555991396246,-14.692292872972308,-54.993435579881385,6.813796385698519,Sp1903+3422
-0.5,None,6.204516973459449,-73.41029250218033,-15.062385086701864,-54.84649734550089,6.204516973459449,Sp1903+3521
-0.5,None,37.074993482379206,-21.658797675426054,15.700981854414605,-14.123245219162476,37.074993482379206,Sp1904-4229
-0.5,None,16.774225760305644,-75.16403502468918,-8.070155037826105,-53.63095287845477,16.774225760305644,Sp1905+1740
-0.5,None,37.157070306429254,-17.560533276159507,17.184434108655573,-10.734325598559039,37.157070306429254,Sp1905-4644
-0.5,None,3.8877793796470965,-70.62253895019478,-15.990551495668266,-54.65318789882055,3.8877793796470965,Sp1906+4011
-0.5,None,28.46163899479982,-57.28721704520689,1.6460548008971096,-42.41788196092506,28.46163899479982,Sp1906-0515
-0.5,None,35.983967095827005,-6.175613442806661,20.63781997271927,-1.188691251782891,35.983967095827005,Sp1906-5828
-0.5,None,24.1024415625493,-66.2898263482157,-2.246357350482365,-48.62209080212441,24.1024415625493,Sp1907+0443
-0.5,None,14.705448781797672,-77.81867117100181,-9.198847838632052,-55.735288249937874,14.705448781797672,Sp1908+2238
-0.5,None,18.395169623790277,-75.49488472667605,-6.533507468461965,-54.358230738310986,18.395169623790277,Sp1909+1629
-0.5,None,34.403331842147225,-44.010890172129294,8.213360090451085,-32.781127624431534,34.403331842147225,Sp1909-1937
-0.5,None,19.288037570096037,-74.72382191014725,-5.84094297200353,-53.9915041509067,19.288037570096037,Sp1910+1504
-0.5,None,18.15574173344542,-75.87750011859,-6.680950462845164,-54.61362061958582,18.15574173344542,Sp1910+1702
-0.5,None,-5.702271966539766,-56.6563237669013,-20.237407790204664,-48.2356096872325,-5.702271966539766,Sp1910+5634
-0.5,None,29.021569340628865,-60.38303227515064,2.2859420689719645,-45.50920256592242,29.021569340628865,Sp1913-0241
-0.5,None,-12.39820881229824,-45.81331221358775,-22.365177898148513,-41.18993125797806,-12.39820881229824,Sp1914+6808
-0.5,None,37.96868641151042,-34.13904920765309,13.301783925789904,-25.300079788069276,37.96868641151042,Sp1914-3008
-0.5,None,27.924300186750287,-63.9007093594884,1.3795172611851294,-48.22450392407871,27.924300186750287,Sp1916+0051
-0.5,None,25.95439616739284,-67.84255675663758,-0.2518187369769076,-50.85592031100674,25.95439616739284,Sp1916+0509
-0.5,None,38.58194755140542,-34.09464654037674,13.918822753116137,-25.50505190554874,38.58194755140542,Sp1917-3019
-0.5,None,39.19384346555515,-33.28231187076203,14.69642682713765,-25.024727606201495,39.19384346555515,Sp1919-3115
-0.5,None,15.90494504731163,-80.83050798565054,-7.338346602664707,-58.78507092605262,15.90494504731163,Sp1921+2425
-0.5,None,39.362805989708825,-35.32520953824293,14.442955167728151,-26.923454914063985,39.362805989708825,Sp1921-2915
-0.5,None,25.16755594837903,-72.27422759559151,-0.497667290326317,-54.43295992563657,25.16755594837903,Sp1923+0917
-0.5,None,40.32715154151054,-31.59463371835557,16.19770457373012,-23.976732048074325,40.32715154151054,Sp1923-3308
-0.5,None,19.157900140293844,-80.36543235938922,-4.832917485482055,-58.731787143272236,19.157900140293844,Sp1924+2004
-0.5,None,17.175304538821337,-81.50536136634621,-6.1837898292832785,-59.42081952221156,17.175304538821337,Sp1924+2322
-0.5,None,-16.284583454518106,-38.78250657323289,-22.952893838293324,-36.21714754908585,-16.284583454518106,Sp1924+7533
-0.5,None,39.754507722521105,-13.099100679510332,21.62760918092602,-8.115042090646437,39.754507722521105,Sp1924-5154
-0.5,None,26.731031774287537,-70.42342026479052,0.8241609184833785,-53.58883591372685,26.731031774287537,Sp1925+0700
-0.5,None,25.36699805370809,-72.80145336449401,-0.22290701333715232,-55.00718628604052,25.36699805370809,Sp1925+0938
-0.5,None,41.05373909871435,-21.769443429510456,19.712611068555866,-15.753307973617911,41.05373909871435,Sp1926-4310
-0.5,None,16.245383885799246,-82.16544598629162,-6.580811645666097,-60.27159094201523,16.245383885799246,Sp1927+2537
-0.5,None,40.761608356595694,-16.47870556116161,21.320942400947523,-11.243926994376354,40.761608356595694,Sp1927-4833
-0.5,None,24.054198035663994,-76.08759124163714,-1.0125202865276761,-57.20857284702876,24.054198035663994,Sp1928+1301
-0.5,None,17.642704279721592,-82.34301658411246,-5.563969961268193,-60.25738213892184,17.642704279721592,Sp1928+2339
-0.5,None,11.135430007449536,-78.12656791538821,-9.689975486846066,-60.247649261634294,11.135430007449536,Sp1928+3403
-0.5,None,41.49616509690703,-21.09055426231041,20.391160275525394,-15.354500420719924,41.49616509690703,Sp1928-4356
-0.5,None,41.11087340141111,-18.03807615114025,21.089147203599808,-12.66133370475544,41.11087340141111,Sp1928-4700
-0.5,None,25.450239109551482,-74.51969216290863,0.12259960448903687,-56.5867151810459,25.450239109551482,Sp1929+1101
-0.5,None,33.605763148801294,-59.46064873117686,6.8567276118072265,-46.91545968813513,33.605763148801294,Sp1929-0458
-0.5,None,37.91163743031355,-49.372894387919786,11.239672579172227,-39.33042552062779,37.91163743031355,Sp1930-1521
-0.5,None,26.50176743048512,-74.30034810354381,1.1496799511641467,-56.99625307876818,26.50176743048512,Sp1933+1022
-0.5,None,21.02944425827462,-81.93023594382528,-2.7894836071961406,-60.673670051458274,21.02944425827462,Sp1933+1944
-0.5,None,19.73325392775511,-83.01353820809557,-3.6854048269586763,-61.15142342771793,19.73325392775511,Sp1933+2150
-0.5,None,35.80507826699668,-56.55245829775238,8.991298976209308,-45.23679910131443,35.80507826699668,Sp1933-0810
-0.5,None,42.40675191573133,-36.310472085612325,17.244232076995594,-29.076370199707277,42.40675191573133,Sp1935-2846
-0.5,None,35.13501671039908,-59.89523905492364,8.41894772387704,-48.170654179040696,35.13501671039908,Sp1936-0455
-0.5,None,38.91312212160863,-50.990077951178165,12.155653243709475,-41.37733410086253,38.91312212160863,Sp1937-1359
-0.5,None,6.392043534584841,-70.63353416054142,-11.569682055520483,-59.0851226761651,6.392043534584841,Sp1938+4321
-0.5,None,43.45361709770854,-22.582646055405313,21.864229027440928,-17.38443905045139,43.45361709770854,Sp1939-4239
-0.5,None,40.406099317292686,-7.469744369170377,24.852795997756342,-3.969641596757348,40.406099317292686,Sp1939-5750
-0.5,None,26.587158528811436,-77.03483709941244,1.7117882039464196,-59.55885994549176,26.587158528811436,Sp1940+1237
-0.5,None,36.859135980274125,2.193259377306952,25.906524413381245,4.619726623358124,36.859135980274125,Sp1941-6733
-0.5,None,23.085488489781333,-83.14883323074551,-0.5678971514358468,-62.66854178351191,23.085488489781333,Sp1942+1913
-0.5,None,44.204002063672064,-24.037482696487633,22.139244088793475,-18.922475937204478,44.204002063672064,Sp1942-4115
-0.5,None,39.579863053274885,-3.931785727541064,25.70610256160288,-0.9656492210745926,39.579863053274885,Sp1943-6125
-0.5,None,33.51283766416885,-66.86236129057869,7.333233189214607,-54.225114134621,33.51283766416885,Sp1944+0147
-0.5,None,22.867161355538965,-83.9170307780066,-0.6056603475658143,-63.172579826998394,22.867161355538965,Sp1944+1957
-0.5,None,-0.5302580350568827,-59.93614373681308,-14.78257360234191,-53.47592505073254,-0.5302580350568827,Sp1945+5428
-0.5,None,44.07081186819406,-39.337609912080346,18.341368572317656,-32.60119902990708,44.07081186819406,Sp1945-2557
-0.5,None,43.55120414982964,-16.26673851608293,24.292803645626755,-12.171553779494339,43.55120414982964,Sp1945-4904
-0.5,None,23.898750616023122,-83.3678230160316,0.28856214100007865,-63.35838194851312,23.898750616023122,Sp1946+1856
-0.5,None,40.298616435755534,-53.508918197102815,13.476935530368479,-44.59781399388561,40.298616435755534,Sp1946-1145
-0.5,None,25.57299913400719,-82.14641880189059,1.7308930635278532,-63.5182991199128,25.57299913400719,Sp1949+1713
-0.5,None,20.72540889417849,-87.353559006239,-1.576098940115675,-65.30274816437462,20.72540889417849,Sp1949+2445
-0.5,None,20.944781225500087,-87.5293515653796,-1.3615341223410296,-65.45969740936863,20.944781225500087,Sp1950+2436
-0.5,None,14.778658736264537,-80.16431906833812,-5.137128032823213,-65.18270127826055,14.778658736264537,Sp1953+3414
-0.5,None,7.581403123510136,-70.08207638122485,-9.525968641535732,-60.87139518240346,7.581403123510136,Sp1953+4424_1
-0.5,None,7.5821089356252225,-70.08146231186738,-9.524649719200553,-60.87246691874099,7.5821089356252225,Sp1953+4424_2
-0.5,None,26.00677664550315,-83.289818774805,2.4760717837521034,-64.96998474832006,26.00677664550315,Sp1954+1801
-0.5,None,4.053817038526943,-65.1301956304739,-11.533986992218159,-57.90389266889885,4.053817038526943,Sp1954+4923
-0.5,None,30.603334035088537,-76.22811836783774,5.810361622616858,-61.89956674401594,30.603334035088537,Sp1955+1052
-0.5,None,42.81645314502087,-52.1423327233006,16.000340030853714,-44.578449688916976,42.81645314502087,Sp1955-1316
-0.5,None,35.984492582329146,6.0098137803199,27.089102941364015,7.635204559100548,35.984492582329146,Sp1955-7126
-0.5,None,36.63288579451513,-66.29164166655544,10.530916773447455,-55.83061139233746,36.63288579451513,Sp1956+0052
-0.5,None,28.603803401473773,-79.80525064354417,4.44817263970882,-63.904988294484525,28.603803401473773,Sp1956+1426
-0.5,None,44.55623584328074,-47.513719546854034,17.899180605236804,-40.77490628684002,44.55623584328074,Sp1956-1754
-0.5,None,22.504902416456023,-89.10550712910457,0.35168705087398483,-67.0857728301279,22.504902416456023,Sp1957+2408
-0.5,None,24.004481144660932,-87.79333928803091,1.5321919737298877,-67.24483091441392,24.004481144660932,Sp1959+2223
-0.5,None,18.089974490899856,-83.5904168035187,-2.39095218868001,-67.30541383152746,18.089974490899856,Sp2000+3057
-0.5,None,34.393024707106306,-72.23300697094668,9.133146180588575,-60.834358242535195,34.393024707106306,Sp2001+0647
-0.5,None,41.12805043768885,-60.07423049793803,14.55859363722915,-52.0888271643394,41.12805043768885,Sp2002-0521
-0.5,None,47.43854908268659,-20.885547348285225,26.46722627522713,-17.53786032976986,47.43854908268659,Sp2002-4433
-0.5,None,44.50147058618356,-11.004307512563063,27.59062084274872,-8.360716653989618,44.50147058618356,Sp2002-5425
-0.5,None,45.324096332978854,-51.157825412339754,18.509058022857676,-44.958552048916346,45.324096332978854,Sp2004-1416
-0.5,None,43.53372073537928,-56.536382498728166,16.79828577965564,-49.73182419509171,43.53372073537928,Sp2006-0852
-0.5,None,36.23783054076872,-71.88609075183882,11.145577084934153,-62.30065415539354,36.23783054076872,Sp2010+0634
-0.5,None,32.75245561911957,-77.9129098658526,8.786670839616235,-66.57536020955281,32.75245561911957,Sp2012+1246
-0.5,None,30.286650201742006,-81.47049270496781,7.033743455226506,-68.36432305548375,30.286650201742006,Sp2012+1627
-0.5,None,45.23745034021143,-8.618102423133552,29.553829158901195,-6.827536104192475,45.23745034021143,Sp2015-5645
-0.5,None,30.365919762059974,-81.93993891808744,7.428879688863213,-69.56930014005857,30.365919762059974,Sp2016+1719
-0.5,None,46.65066091046795,-54.47482502014033,19.88715932062641,-49.45360850218564,46.65066091046795,Sp2016-1045
-0.5,None,41.66229563816877,-64.9848776896671,15.78690773064587,-58.54697064953224,41.66229563816877,Sp2018-0007
-0.5,None,45.36513645684841,-58.14454810382116,18.814645525193555,-52.91367094917087,45.36513645684841,Sp2018-0701
-0.5,None,45.04872824611423,-7.0690381768488715,30.149410521171824,-5.5825683847756284,45.04872824611423,Sp2019-5816
-0.5,None,17.13041722609633,-77.82119382852692,-1.2075298941840324,-69.53756168845814,17.13041722609633,Sp2020+3603
-0.5,None,27.71081005488597,-84.79605066927834,6.056715529897272,-72.2382874965018,27.71081005488597,Sp2021+2216
-0.5,None,51.875584474585644,-25.50911706242165,29.224937347241795,-23.3003009940275,51.875584474585644,Sp2022-3944
-0.5,None,51.36401793422981,-22.16407314585391,29.905871414389374,-20.202337879775133,51.36401793422981,Sp2023-4305
-0.5,None,47.67152934326125,-56.321326994629075,21.071174727915153,-52.41830138496914,47.67152934326125,Sp2025-0835
-0.5,None,40.55868186596418,-69.20436278832838,15.566052280530519,-63.64399894520729,40.55868186596418,Sp2026+0439
-0.5,None,53.42115420682877,-35.392702728904695,28.030036972614106,-33.04183775382038,53.42115420682877,Sp2026-2943
-0.5,None,25.841280160555183,-84.01120752856414,5.27639402148464,-73.79144722261273,25.841280160555183,Sp2027+2555
-0.5,None,43.787522164277085,-64.42657603187102,18.10013864504414,-59.97739016037575,43.787522164277085,Sp2028-0010
-0.5,None,0.8253706724499434,-56.34509764644559,-10.830449675593155,-54.43324399460965,0.8253706724499434,Sp2029+5750
-0.5,None,37.40532439412532,-74.56834155159919,13.691263993759739,-68.99706375441934,37.40532439412532,Sp2031+1052
-0.5,None,13.961707000329406,-71.50962817371128,-2.238928057128969,-67.78057422233911,13.961707000329406,Sp2032+4155
-0.5,None,39.75710733667156,4.050260972009685,30.43948303071657,4.602250315576401,39.75710733667156,Sp2032-6918
-0.5,None,24.817203168739322,-81.91423802147659,5.136712950793387,-74.86573715290503,24.817203168739322,Sp2033+2823
-0.5,None,22.518052667248256,-80.25903802687401,3.570350373036131,-74.02795126091534,22.518052667248256,Sp2033+3119
-0.5,None,39.62001003216215,-72.05179643758962,15.544955645649674,-67.81964582967771,39.62001003216215,Sp2034+0827
-0.5,None,10.011302879337249,-66.46874108935751,-4.609127243884387,-64.02766638907839,10.011302879337249,Sp2034+4708
-0.5,None,55.39549479805782,-33.68282150519363,30.264922571354422,-32.284481049532516,55.39549479805782,Sp2035-3110
-0.5,None,53.283878655071845,-21.165119776383033,32.19133734259767,-20.135054274591603,53.283878655071845,Sp2035-4349
-0.5,None,50.151429115092725,-55.56100579502917,23.632857055749824,-53.4264912411119,50.151429115092725,Sp2036-0847
-0.5,None,51.522585264822496,-52.775822002980654,24.816067401368333,-50.84930267148184,51.522585264822496,Sp2037-1137
-0.5,None,54.86158050260137,-24.518242560731444,32.46276976084379,-23.661276067018928,54.86158050260137,Sp2038-4020
-0.5,None,50.22661179784842,-12.632106059555069,32.89628364842104,-11.966792169024796,50.22661179784842,Sp2038-5223
-0.5,None,56.26715436112894,-35.23232904181712,30.742527813225518,-34.189600099548414,56.26715436112894,Sp2039-2926
-0.5,None,22.906565194936405,-77.9680177633165,4.726669557506296,-75.43958199306896,22.906565194936405,Sp2042+3225
-0.5,None,49.5026316003605,-58.77420277830286,23.455131936116427,-57.48849814779348,49.5026316003605,Sp2042-0500
-0.5,None,51.148446170152255,-55.60712528680907,24.726498145762196,-54.361947594626265,51.148446170152255,Sp2042-0821
-0.5,None,36.4946827828694,-76.27346129865626,14.24880297836839,-74.31353115181867,36.4946827828694,Sp2044+1517
-0.5,None,44.51094876027959,-1.481922693802332,32.696828919019254,-1.3086145536808929,44.51094876027959,Sp2045-6332
-0.5,None,37.635477322930605,-75.14176671299481,15.305960805241265,-74.23135318759407,37.635477322930605,Sp2047+1421
-0.5,None,52.15911953087492,-55.42580437267466,25.823751882171937,-55.04055916541539,52.15911953087492,Sp2047-0808
-0.5,None,23.793929536353588,-76.97753929864498,5.906789017051795,-76.65001801351488,23.793929536353588,Sp2049+3216
-0.5,None,22.72552199583173,-76.16267580211615,5.193878297308734,-75.92866450556909,22.72552199583173,Sp2049+3336
-0.5,None,56.517768734527756,-46.537044026947996,29.694188020948182,-46.55027336082486,56.517768734527756,Sp2049-1716
-0.5,None,57.122519602718874,-44.19051653829181,30.353305005695596,-44.1363328612435,57.122519602718874,Sp2049-1944
-0.5,None,45.132984703013484,-67.04140604787304,21.050890242000513,-67.72112026148288,45.132984703013484,Sp2052+0510
-0.5,None,-8.813621481164684,-42.89890117115395,-15.486944818322325,-42.96410128280289,-8.813621481164684,Sp2052+7104
-0.5,None,58.53650823929013,-40.58300284436921,32.00246401366335,-40.86283851451322,58.53650823929013,Sp2052-2318
-0.5,None,54.341061082031565,-16.55802964148187,35.26416022041033,-16.75936611245057,54.341061082031565,Sp2052-4758
-0.5,None,44.46659924863346,-0.35759870875505595,33.33410902206476,-0.5096203910996469,44.46659924863346,Sp2052-6431
-0.5,None,46.76358154390961,-65.07885856489965,22.301305656162903,-65.96284242765009,46.76358154390961,Sp2053+0303
-0.5,None,23.42157661643992,-75.67321414557308,6.027849119998473,-76.74869326892488,23.42157661643992,Sp2053+3319
-0.5,None,51.15171917765393,-10.491640370421589,35.00055374079572,-10.70369938396056,51.15171917765393,Sp2053-5409
-0.5,None,51.36193282038517,-59.33103746904371,25.948055915836086,-60.869510769074125,51.36193282038517,Sp2057-0252
-0.5,None,60.58665016463534,-31.130538678198185,35.739768561654266,-32.14084515735819,60.58665016463534,Sp2100-3236
-0.5,None,48.06821861835589,-64.18914694397368,23.879533913361886,-66.7584424726154,48.06821861835589,Sp2101+0307
-0.5,None,45.67166291107524,-67.09997109790893,22.555722677776355,-71.02934578612962,45.67166291107524,Sp2104+0722
-0.5,None,26.62374822602141,-74.6845216417408,9.263369753201465,-80.00688888646336,26.62374822602141,Sp2104+3100
-0.5,None,56.97483107667379,-51.62198257319322,30.59364482319867,-53.86305225182372,56.97483107667379,Sp2104-1037
-0.5,None,11.838601806404949,-63.09025986783368,-0.9367442660789383,-65.37341351673122,11.838601806404949,Sp2105+4816
-0.5,None,60.16247237647015,-45.64465542629373,33.36039013607589,-47.909408442519094,60.16247237647015,Sp2106-1650
-0.5,None,59.69112001034177,-22.970977110792564,37.70312995882577,-24.299660216863114,59.69112001034177,Sp2106-4044
-0.5,None,53.40480277367799,-57.99832399261693,28.213007392022583,-61.33738610631151,53.40480277367799,Sp2107-0307
-0.5,None,61.84292801722818,-29.416433467136102,37.393795776896006,-31.04963396707686,61.84292801722818,Sp2107-3357
-0.5,None,57.73882615560411,-18.09728291258696,37.96801600055076,-19.39555964103274,57.73882615560411,Sp2107-4544
-0.5,None,52.14672524638006,-8.419353306689905,37.26716208350004,-9.574856252759654,52.14672524638006,Sp2110-5540
-0.5,None,-19.906315807092497,-29.820811706508827,-21.821263218550694,-30.016210563788345,-19.906315807092497,Sp2112+8427
-0.5,None,50.307717195001494,-62.448587158771325,26.87549415312422,-68.4793250518151,50.307717195001494,Sp2116+0341
-0.5,None,35.11316789753937,-72.80574871528756,16.35247250025309,-84.49709408602537,35.11316789753937,Sp2116+2238
-0.5,None,25.0518496080909,-70.71414306654853,9.390332009299868,-79.05949821871847,25.0518496080909,Sp2117+3428
-0.5,None,59.66304952245799,-18.15615243836083,39.86440874477974,-20.22906079852778,59.66304952245799,Sp2118-4505
-0.5,None,45.86801770772349,-66.4493069817773,24.284124176060928,-75.20777567797778,45.86801770772349,Sp2120+1021
-0.5,None,61.84620936780063,-21.41346786619959,40.443607669362116,-23.8404239573694,61.84620936780063,Sp2120-4130
-0.5,None,33.87799284322244,-70.62846487851827,16.561275727282368,-87.15933116360554,33.87799284322244,Sp2126+2531
-0.5,None,66.21266006647234,-30.153840847032907,41.12927642975428,-33.68209483251199,66.21266006647234,Sp2126-3143
-0.5,None,32.1804109838459,16.779571358985578,29.264103284392263,16.20825252986622,32.1804109838459,Sp2126-8140
-0.5,None,41.4458776381394,-68.47382447366171,21.96278008139157,-81.92839782178513,41.4458776381394,Sp2127+1652
-0.5,None,6.443465569192389,-54.95456863843166,-3.2463341380573922,-58.55832437826386,6.443465569192389,Sp2127+5553
-0.5,None,62.5377893561755,-20.293652696694267,41.6376176276395,-23.173097775762912,62.5377893561755,Sp2127-4215
-0.5,None,37.928601509439844,10.658746241617466,32.51950227616599,9.680076201422636,37.928601509439844,Sp2127-7508
-0.5,None,46.38607745311509,1.288858019589644,36.72688904918307,-0.2736368870963015,46.38607745311509,Sp2128-6510
-0.5,None,61.421076934335495,-50.20077360068366,35.84557308755181,-56.6693619886068,61.421076934335495,Sp2130-0845
-0.5,None,44.72587196251305,-66.02742952288564,24.73000815099389,-79.07490185266423,44.72587196251305,Sp2132+1341
-0.5,None,36.437509474822356,-69.04590831258812,19.006200299808373,-88.28634154834116,36.437509474822356,Sp2133+2321
-0.5,None,35.96675001174322,-68.79989737575396,18.819368119529337,-88.96416914737738,35.96675001174322,Sp2134+2404
-0.5,None,22.743905807187737,-65.82812635970878,9.201598974257633,-75.83605213701995,22.743905807187737,Sp2134+3838
-0.5,None,68.36918562395968,-30.30092537383959,43.001764035732826,-34.792706516753356,68.36918562395968,Sp2135-3040
-0.5,None,67.9826430204077,-29.260649626283207,42.9805601898927,-33.57748659121161,67.9826430204077,Sp2135-3153
-0.5,None,44.36563916680922,-65.51882660897975,25.019479831509823,-80.32357426424117,44.36563916680922,Sp2137+1450
-0.5,None,60.53459437353846,-51.98237992330214,35.89257840100699,-60.017555462695604,60.53459437353846,Sp2137-0527
-0.5,None,45.03369134680508,3.7030325361100638,36.72313196636352,1.9191151458818216,45.03369134680508,Sp2137-6723
-0.5,None,42.560483486421404,6.34057801421476,35.44781642258193,4.762067787581496,42.560483486421404,Sp2137-7014
-0.5,None,9.7546739244216,-56.249698284253974,-0.09644680651586998,-61.55842710850521,9.7546739244216,Sp2138+5257
-0.5,None,22.241770740193015,-64.58944785250972,9.235192526744262,-74.93803795092839,22.241770740193015,Sp2139+3934
-0.5,None,57.655984947711836,-55.13509799636255,34.30815938646266,-64.64669024799656,57.655984947711836,Sp2140-0050
-0.5,None,58.52842105629135,-10.966503054098201,42.76354314076968,-14.160788947827058,58.52842105629135,Sp2141-5118
-0.5,None,30.656695648781096,18.785265768760276,28.64074092331486,18.14506442455568,30.656695648781096,Sp2143-8337
-0.5,None,69.31012810653218,-39.88121580387416,42.55848481151047,-46.657324001497436,69.31012810653218,Sp2144-1847
-0.5,None,24.841558274639763,-64.30376849281156,11.792379526252667,-77.08465423482019,24.841558274639763,Sp2146+3719
-0.5,None,54.42721400104434,-57.52822114768488,33.17366090940529,-70.13109711459225,54.42721400104434,Sp2148+0447
-0.5,None,52.8863996062027,-58.64663499135784,32.1796044778831,-71.97244684983536,52.8863996062027,Sp2148+0639
-0.5,None,53.680444175598446,-4.349480703885645,41.669688159441556,-7.361084260977665,53.680444175598446,Sp2149-5805
-0.5,None,46.694923377124425,3.0688389047418805,38.37538621189183,0.7260608908525642,46.694923377124425,Sp2150-6610
-0.5,None,38.10562523181169,-64.98140187796812,22.069401990527318,-86.98281912282197,38.10562523181169,Sp2151+2328
-0.5,None,67.19491905020003,-44.937196397003305,41.62429927097009,-53.66506091283342,67.19491905020003,Sp2151-1141
-0.5,None,67.38190695167985,-20.270922918963446,46.29344557221701,-25.12026132787799,67.38190695167985,Sp2151-4017
-0.5,None,32.4070436475667,-64.56382781279021,18.143846225487202,-83.7255879126049,32.4070436475667,Sp2153+2950
-0.5,None,64.76509098867396,-15.606270831813257,46.44835689407662,-20.280445749520155,64.76509098867396,Sp2156-4505
-0.5,None,-11.041570707213177,-36.85834464307527,-14.715316529938338,-38.82360618859039,-11.041570707213177,Sp2157+7537
-0.5,None,73.57677446019872,-30.90501947231668,47.37742105457866,-37.831705425748474,73.57677446019872,Sp2157-2726
-0.5,None,56.44488698363758,-6.1046039415129085,43.70755808654227,-9.795459146467302,56.44488698363758,Sp2157-5534
-0.5,None,5.295934813676245,-50.2130798811877,-2.2104128293114944,-55.72941510652,5.295934813676245,Sp2158+5836
-0.5,None,70.92119591865603,-40.59512984943788,44.68473621488211,-49.36892253478772,70.92119591865603,Sp2158-1550
-0.5,None,8.262232160660139,-52.12943605309193,0.2108512487505005,-58.66462222653742,8.262232160660139,Sp2200+5536
-0.5,None,61.67355654250349,-50.7363584307813,39.417482724278734,-63.136089974530016,61.67355654250349,Sp2201-0145
-0.5,None,10.745101492330322,-53.56981746309781,2.2694825154639213,-61.07712465559486,10.745101492330322,Sp2202+5305
-0.5,None,55.820003356932986,-4.629575904945734,44.0487771520389,-8.516723624842395,55.820003356932986,Sp2204-5646
-0.5,None,69.47494164536796,-43.232755710900726,44.62651293812545,-53.806008941377065,69.47494164536796,Sp2205-1104
-0.5,None,74.78592756181007,-35.421564072943184,48.01022927673614,-44.19803146141332,74.78592756181007,Sp2206-2047
-0.5,None,68.12199706780964,-17.159307467711212,48.854107062818116,-22.87579545615774,68.12199706780964,Sp2206-4217
-0.5,None,72.0535483090292,-21.364100142616017,50.02359920276106,-27.927433121078113,72.0535483090292,Sp2209-3707
-0.5,None,69.31058918993841,-43.48059122461002,45.2001851908429,-54.98599200816608,69.31058918993841,Sp2210-0936
-0.5,None,68.56030253103579,-16.115384822552706,49.995427305822915,-22.238329865730407,68.56030253103579,Sp2213-4245
-0.5,None,58.14600980328,-5.661677914227779,46.090171971430166,-10.262997635739756,58.14600980328,Sp2213-5451
-0.5,None,49.958583252854105,2.013868460604129,41.78384504683079,-1.5033987980352366,49.958583252854105,Sp2213-6342
-0.5,None,72.66949244784406,-40.047603495447106,47.592370895546104,-51.13288151597896,72.66949244784406,Sp2214-1319
-0.5,None,74.42255293526479,-38.28330783088544,49.1559374883932,-49.560316347255096,74.42255293526479,Sp2219-1440
-0.5,None,51.43050727704103,-54.49748434156617,35.22681360119791,-73.81541371929836,51.43050727704103,Sp2221+1158
-0.5,None,5.709094253554996,-47.64603375188254,-0.456401385950886,-54.70190560755244,5.709094253554996,Sp2222+5857
-0.5,None,56.34235942725705,-2.89935556010819,46.06783268525651,-7.631428303241354,56.34235942725705,Sp2222-5719
-0.5,None,41.46221250212244,-57.19205636650292,28.24394608099882,-79.26645713130016,41.46221250212244,Sp2224+2230
-0.5,None,72.76905181109188,-18.171721657130906,52.72676733365195,-25.564432784152174,72.76905181109188,Sp2224-3901
-0.5,None,3.137092891715601,-45.508408122839086,-2.312882762735108,-51.95144208608525,3.137092891715601,Sp2226+6139
-0.5,None,39.37616235387415,12.285408623378194,35.63573921259587,9.883381089981485,39.37616235387415,Sp2226-7503
-0.5,None,75.07101050154725,-37.68446700856778,50.7852906991749,-50.12858192762053,75.07101050154725,Sp2228-1325
-0.5,None,69.67363399486783,-42.09985454259824,48.0933023961132,-56.238883144448124,69.67363399486783,Sp2229-0650
-0.5,None,65.9007487877374,-10.60645939920023,51.33651368969637,-17.086592627189994,65.9007487877374,Sp2229-4728
-0.5,None,77.43661567935199,-21.54085679092367,54.67152252873754,-30.202224530656867,77.43661567935199,Sp2230-3358
-0.5,None,60.05180705229771,-5.352685997808949,48.713057190456546,-10.940042162681728,60.05180705229771,Sp2230-5344
-0.5,None,54.84570829687798,-50.955446550579126,39.00239490592182,-70.03372187688035,54.84570829687798,Sp2232+0909
-0.5,None,30.61671399736425,-55.68429950803654,20.70506348766924,-74.72271158929743,30.61671399736425,Sp2233+3359
-0.5,None,28.839290984790622,-55.46075717480743,19.270898959934566,-73.6268560813154,28.839290984790622,Sp2233+3547
-0.5,None,40.4742427488525,-55.29050784259523,28.572938715798568,-77.3346679046582,40.4742427488525,Sp2234+2359
-0.5,None,81.51513603422055,-26.363161997756688,55.36820138795127,-36.4333093086093,81.51513603422055,Sp2234-2720
-0.5,None,59.75887633571132,-47.73284048374768,42.880303908003626,-65.55892058216743,59.75887633571132,Sp2235+0418
-0.5,None,45.771604264827765,-53.760236166308616,32.83329847317956,-75.5045243490309,45.771604264827765,Sp2235+1840
-0.5,None,25.41371342209707,-54.083184643669604,16.820191826996787,-70.64456532180832,25.41371342209707,Sp2237+3922
-0.5,None,20.96168451252678,-52.779490504287956,13.191438351934107,-67.13835611910366,20.96168451252678,Sp2238+4353
-0.5,None,24.571817965467915,-53.267557196713135,16.41417989270004,-69.53908570076156,24.571817965467915,Sp2240+4018
-0.5,None,70.86277489426384,-13.26305333382046,54.70448567045454,-21.10489270901723,70.86277489426384,Sp2240-4253
-0.5,None,79.6860974448038,-20.956764720816203,56.99378269505131,-30.57280109080755,79.6860974448038,Sp2241-3258
-0.5,None,55.137128828439494,0.10148598972835225,47.07393531610524,-5.206320751061193,55.137128828439494,Sp2241-5915
-0.5,None,53.101739011692665,1.7649387849666853,45.77965517035995,-3.2076234169288442,53.101739011692665,Sp2241-6119
-0.5,None,39.607877484844366,12.809702041515193,36.36142158900645,10.050739696796956,39.607877484844366,Sp2241-7500
-0.5,None,39.0989718682914,-53.587008620585884,28.473206869243,-75.42753601088174,39.0989718682914,Sp2242+2542
-0.5,None,54.89484521050269,0.4306408772129832,47.040865117792585,-4.891142626836846,54.89484521050269,Sp2243-5932
-0.5,None,81.78538750092459,-22.24676768078509,57.78388959631314,-32.49106322703346,81.78538750092459,Sp2244-3045
-0.5,None,7.236858934979022,-45.75868328280061,2.188369756094695,-54.56214070699546,7.236858934979022,Sp2245+5750
-0.5,None,44.96632758823531,-51.545069703512965,33.60292193927829,-73.5449009638689,44.96632758823531,Sp2247+1955
-0.5,None,37.120936444168,15.033696283483579,34.6555871222063,12.601094582712163,37.120936444168,Sp2247-7733
-0.5,None,32.925334458980565,-52.570873017926196,24.133801036372624,-72.7681083395259,32.925334458980565,Sp2249+3205
-0.5,None,58.817652514576096,-2.020865732076489,50.137399635192814,-8.296518619395535,58.817652514576096,Sp2250-5543
-0.5,None,57.862207401936466,-1.309639896873386,49.503567996258035,-7.400819781999193,57.862207401936466,Sp2250-5640
-0.5,None,81.62967943855227,-30.838522899726147,57.48018005508337,-44.31808881010589,81.62967943855227,Sp2252-1730
-0.5,None,66.4767543904767,-7.832869248560735,54.64990561240672,-15.544187086972437,66.4767543904767,Sp2253-4801
-0.5,None,84.80336066935534,-22.381240590049238,59.991402690588345,-33.73915414387242,84.80336066935534,Sp2254-2840
-0.5,None,57.42175453946432,-0.4528496632364401,49.721803071074156,-6.683146320483391,57.42175453946432,Sp2255-5713
-0.5,None,64.515505049076,-41.29704768298985,49.30802507204467,-59.465199710693454,64.515505049076,Sp2256+0031
-0.5,None,-3.6965725448430558,-38.65382153945913,-6.714990786816826,-44.11689193224803,-3.6965725448430558,Sp2256+6854
-0.5,None,74.01179024745745,-13.193843436450406,58.421784006851894,-22.466532320832986,74.01179024745745,Sp2257-4030
-0.5,None,67.96698189856973,-8.40489691145464,56.01515568333702,-16.614952423936998,67.96698189856973,Sp2257-4638
-0.5,None,63.871506215157254,-41.22500724816136,49.24611487401914,-59.69950921759663,63.871506215157254,Sp2258+0113
-0.5,None,-14.99059027816742,-31.304140310804485,-16.391422845978333,-33.63064990372684,-14.99059027816742,Sp2259+8013
-0.5,None,60.335804384525844,-2.344739834787903,51.93960131618662,-9.252728361125326,60.335804384525844,Sp2259-5420
-0.5,None,44.19570828460126,-48.16980756051424,35.0072058311643,-70.25477060010535,44.19570828460126,Sp2303+2100
-0.5,None,70.2674421475643,-36.14736927366632,54.70202203135802,-53.527200282656274,70.2674421475643,Sp2306-0502
-0.5,None,64.59332878736265,-4.753791693600785,55.42622011706957,-12.803821898596949,64.59332878736265,Sp2306-5008
-0.5,None,87.34914930710777,-21.285011366421188,62.91296526519353,-33.80535785677222,87.34914930710777,Sp2308-2722
-0.5,None,83.23268323676731,-27.337967963842523,61.72095944186955,-41.988070254924246,83.23268323676731,Sp2310-1759
-0.5,None,-4.422021062937726,-36.91229257151507,-6.637891294646879,-42.7113274360013,-4.422021062937726,Sp2314+6939
-0.5,None,71.65643507695921,-33.41379131036833,57.42803865144713,-51.0050587554579,71.65643507695921,Sp2315-0627
-0.5,None,86.57588673253707,-23.722302451828053,64.21364492107614,-37.98824156307415,86.57588673253707,Sp2316-2141
-0.5,None,0.8374038592685221,-39.28139365748234,-1.757502778525463,-47.0291839649691,0.8374038592685221,Sp2317+6423
-0.5,None,67.7863015924503,-35.27200212868944,55.242496510845044,-53.810806315536766,67.7863015924503,Sp2317-0236
-0.5,None,-11.531191571315427,-32.67369971307135,-12.876596242938286,-36.330745857460236,-11.531191571315427,Sp2319+7645
-0.5,None,78.39037574619981,-28.208865776149732,62.313553000336285,-44.53616883560804,78.55680041518791,Sp2321-1326
-0.5,None,82.64818359634178,-16.09052884751825,65.787630026719,-28.6508092295907,83.08320338798069,Sp2322-3133
-0.5,None,56.34943730786812,2.977434537547899,51.75703178903391,-4.277444783064543,56.447064822984395,Sp2324-5817
-0.5,None,22.282710346555124,-44.55276599058813,18.357295757966416,-61.36548761062331,22.373518085098794,Sp2325+4251
-0.5,None,81.87073071666055,-24.39912412667491,65.45318251260616,-40.15712517248667,82.93305899467593,Sp2327-1741
-0.5,None,37.96829095217729,-43.50394656095985,32.90949433391197,-65.03966033064103,38.16973367657094,Sp2329+2704
-0.5,None,18.66416933417198,-43.400786018534596,15.346831929594789,-58.85685213966706,18.795763204503576,Sp2329+4626
-0.5,None,80.22865495544809,-24.91939542955681,65.36875020323141,-41.14451308668873,81.3711305585863,Sp2329-1607
-0.5,None,60.379115732982044,0.525168650310391,55.32086993919261,-7.776536187702526,60.60187669823054,Sp2329-5408
-0.5,None,66.79262601257972,-3.939860797516952,59.9995400690156,-13.622140539351332,67.13743985352971,Sp2330-4736
-0.5,None,49.038554221425066,-40.24949733618441,42.986827679254795,-62.2216715038372,49.36204779842663,Sp2331+1552
-0.5,None,68.74835534299446,-31.588264778032755,58.76359719546054,-50.43669920695909,69.3396643217325,Sp2331-0406
-0.5,None,84.33472913611683,-17.20513379077574,68.04219202568227,-31.032461138769907,86.85629539537862,Sp2331-2749
-0.5,None,-9.768785243816495,-32.92014726484897,-10.859444715331545,-37.44609663066684,-9.702634035738585,Sp2333+7456
-0.5,None,83.72081862224272,-20.82837668825442,67.99601703604039,-36.10722033723235,86.59244636546117,Sp2333-2133
-0.5,None,45.292384200692005,-40.637502830436276,40.15386180791057,-62.72275622453815,45.66469699526792,Sp2334+1933
-0.5,None,66.83348529646098,-31.605338840875945,58.27226745463634,-50.97025641765001,67.57390638848005,Sp2335-0223
-0.5,None,46.19525954007393,-39.996781448883105,41.1872874817832,-62.079441769272194,46.61637392042772,Sp2336+1835
-0.5,None,42.90421224256785,-40.7796729042546,38.3001338230004,-62.80016087015858,43.30394662680928,Sp2336+2153
-0.5,None,20.8660954052787,-42.31322493126408,18.05854390775272,-58.9166483914171,21.117026709745364,Sp2337+4405
-0.5,None,73.48746871182836,-27.302944017261193,63.50783380172751,-45.302690776241626,74.65692145524685,Sp2337-0933
-0.5,None,1.192901070771792,-37.42477416269782,-0.4000576474128689,-46.057669610434885,1.3422253195455702,Sp2338+6352
-0.5,None,76.22688418598062,-25.14454331919809,65.69431106832198,-42.552615926417474,77.87064534632755,Sp2338-1246
-0.5,None,82.15289752958633,-20.573600355237147,68.8683122935575,-36.34919529782681,85.34743837937123,Sp2338-2029
-0.5,None,66.63453828498452,-3.0685561544019886,61.12091294952731,-13.164631818243109,67.25448798572388,Sp2338-4726
-0.5,None,29.72075187244503,-42.157763708173384,26.514444217836033,-61.88598346484123,30.092449953297542,Sp2339+3507
-0.5,None,81.3792471277342,-14.336627562797021,70.5919665561408,-28.552031980324657,85.58766988552586,Sp2343-2906
-0.5,None,51.104828868920066,-36.33628886040114,46.87600708505495,-58.216892300775406,52.02315243963099,Sp2344+1312
-0.5,None,70.98399337134909,-26.99188107351929,63.498553813344834,-45.69395857467329,72.78835785629936,Sp2344-0733
-0.5,None,-2.976583638142413,-35.125622950769056,-3.993081794667771,-42.41833090107989,-2.742117665145909,Sp2345+6758
-0.5,None,52.67279247068951,-35.23307964866327,48.63564062266367,-56.99178874316559,53.75492998966404,Sp2346+1129
-0.5,None,37.42495503754425,-39.46154046222286,34.65643767554059,-60.943066466415736,38.204110446228285,Sp2347+2702
-0.5,None,69.76417677741371,-26.687107773129974,63.534015518994174,-45.71484503528017,71.88711562452957,Sp2347-0638
-0.5,None,79.14886347844462,-11.953177611947753,71.12382394181333,-25.901724592684065,83.17463160289529,Sp2348-3134
-0.5,None,75.56086815244188,-22.422256977483134,68.43556269130131,-40.13442102275183,78.95751810416564,Sp2349-1344
-0.5,None,55.68603556829562,-33.02526999807992,52.05558678229154,-54.48806620180898,57.12113311601424,Sp2350+0806
-0.5,None,34.17897157607707,-39.16930178629275,32.03297352166324,-60.105903310394645,35.046963621114244,Sp2351+3010
-0.5,None,79.1309307358813,-18.136209780727732,71.92720042048326,-34.68018901784763,85.19593855152688,Sp2352-2009
-0.5,None,70.7215657095082,-24.38800250359567,65.95949894865653,-43.285244132398425,73.71080381555589,Sp2353-0833
-0.5,None,35.3553629056751,-38.208268530160055,33.57201937403727,-59.38405133394464,36.38421989017682,Sp2354+2849
-0.5,None,78.04936489004466,-18.459326390398395,71.97117327681012,-35.367227451743055,83.81635449010517,Sp2354-1852
-0.5,None,77.16072931098998,-9.955182035692069,71.68257757656846,-23.82122139042431,81.33112186030752,Sp2354-3316
-0.5,None,50.84805595860233,8.935791878653996,49.630776958765395,1.7317882088938092,51.52800421718028,Sp2354-6312
-0.5,None,55.785201317244066,5.773186278574505,54.28679076687808,-2.6877538440401754,56.717232710757166,Sp2355-5800
-0.5,None,76.0932125824846,-8.906450814234187,71.57596863563144,-22.622362527675374,80.12839518638276,Sp2356-3426
-0.5,None,73.09454976459524,-6.304299267348131,69.55487144978808,-19.187718930784023,76.1816498026526,Sp2356-3827
-0.5,None,24.132223010505143,-38.813586537041296,22.95842757629283,-57.11269635668176,25.019152063242977,Sp2357+4011
-0.5,None,7.179093807376834,-37.05234588717674,6.426112405368032,-48.79008162797328,7.755169793411891,Sp2357+5727
-0.5,None,51.13009305569125,9.045876400784877,50.24047558483524,1.6031200386898683,51.97669690909307,Sp2358-6245
-0.5,None,40.1655031150502,-36.19244843959011,38.76554330494008,-58.01591931482148,41.57599504626102,Sp2359+2338
-0.5,None,77.59976992998166,-16.780599468901862,73.51160195401621,-33.65576959083478,85.2198449847765,Sp2359-2007
-0.5,None,78.11796636763738,-11.407499959404916,73.84262278210254,-26.296986812623793,85.03010744719919,Sp2359-2932
