priority,set or rise,alt set start,alt rise start,alt set end,alt rise end,max_alt,Sp_ID
477.9032006499338,None,-47.04662456511013,70.99026128484135,-42.29061162630174,65.02946010967932,77.79032006499338,Sp0000-1245
195.75909802609493,None,-67.77837475674464,46.93992528834814,-60.21351130176017,43.83378234653382,49.575909802609495,Sp0001+1535
338.45507056781025,None,-58.82517409177517,60.101519900877044,-52.749905031527774,55.87557777288248,63.845507056781024,Sp0002+0115
-0.5,None,-52.71716766093712,5.646941112877054,-49.94050769247705,4.512963742692988,6.501998641139968,Sp0004+5843
520.5200790458648,None,-43.67293861727365,74.49649251277415,-39.42131411195104,68.06173509412832,82.05200790458647,Sp0004-1709
555.3720790495133,None,-40.210668641512015,76.06957088542961,-36.24195937271167,69.26884064147258,85.53720790495133,Sp0004-2058
438.7732753769805,None,-21.9414748643188,69.91288056210253,-19.233432573437938,65.56406759148119,73.87732753769805,Sp0004-4044
328.5048180105982,None,-60.08124352959531,59.530046915856666,-53.97440804072131,55.51585761927674,62.85048180105982,Sp0005+0217
564.9606686402545,None,-39.42919501310321,76.59974752822835,-35.566206015911334,69.74963667613238,86.49606686402545,Sp0005-2157
305.18334200678106,None,-62.087141367255796,57.54471357945061,-55.750114293981966,53.80331361674349,60.518334200678105,Sp0006+0439
426.6900711422845,None,-52.32061886471916,68.16452109265738,-47.290679593153165,63.09527062719246,72.66900711422845,Sp0006-0732
582.0833331221004,None,-36.79520679039677,77.34492321797086,-33.18371675492458,70.47492474004936,88.20833331221004,Sp0007-2458
60.30157937450504,None,-71.77421827632743,34.51889385235616,-64.30457005477116,32.38321210537708,36.030157937450504,Sp0008+2911
-0.5,None,-60.773696871904306,14.964387696440172,-56.75582226648458,13.591924771991566,15.920743610943017,Sp0008+4918
-0.5,None,-56.24934410001927,9.507485278616716,-53.06345221357813,8.314729357566673,10.341981971687916,Sp0008+5453
42.990088225761596,None,-52.585805944057064,68.9056243969684,-47.70502537135753,63.946335919560156,72.9900882257616,Sp0010-0746
55.60995706644992,None,-41.13845720194499,77.08034613579571,-37.301969653067715,70.34351321308162,85.60995706644992,Sp0010-2031
-0.5,None,-52.84303190262645,5.436836593719728,-50.276756856373176,4.426123820856921,6.101862817893133,Sp0011+5908
51.137354040179886,None,-29.09916723814931,75.66066045547853,-26.14384911846292,70.0418309592333,81.13735404017989,Sp0011-3334
-0.5,None,-58.9711025222009,12.468698961917319,-55.46170933975619,11.248350408989895,13.257881474427498,Sp0012+5159
-49576.73175242572,None,-67.78881136951661,24.016869603364448,-62.238220042625365,22.41848120805225,25.042326824757428,Sp0013+4012
40.20212519104459,None,-55.43280294192679,66.95459057718676,-50.388766425820194,62.50473564050425,70.20212519104459,Sp0013-0457
57.81892207099472,None,-39.59160534535434,78.58361478115258,-36.02795373037349,71.72433726347647,87.81892207099472,Sp0013-2235
51.9895362515273,None,-30.08051941701034,76.64625216492014,-27.16190173005307,70.92360427438267,81.9895362515273,Sp0014-3245
36.021460624310734,None,-14.958232145775003,64.23431870964185,-12.903496459872908,61.51783854626771,66.02146062431073,Sp0014-4844
-20.05778463732355,None,-71.0372905697288,28.953591003984975,-64.58243343717116,27.245199905421867,29.979942215362676,Sp0015+3516
-0.5,None,-66.45575187050339,21.703585133777437,-61.43420789969988,20.23951265549917,22.5902328496813,Sp0015+4239
43.84070390006356,None,-22.55265871999491,71.24657841225377,-20.159900090694233,67.37519754607384,73.84070390006356,Sp0017-4054
20.818557210446443,None,-0.5255295027278855,50.15429331519496,0.7526771352720482,48.95485747825081,50.81855721044644,Sp0018-6356
34.71887999165182,None,-60.78314910647863,62.61257782521024,-55.33725260584541,59.02519006475556,64.71887999165182,Sp0019+0030
30.38312528389379,None,-64.3384014948378,58.57484078781996,-58.36821451606153,55.39091198791892,60.38312528389379,Sp0019+0450
-0.5,None,-59.39634066855481,12.453511918028946,-56.12037693839058,11.372627152531997,13.020225798471271,Sp0019+5213
47.308640842142125,None,-26.032528967839486,74.33902400381048,-23.520466749785815,69.84541944381155,77.30864084214213,Sp0019-3724
21.4741158007687,None,-72.92294823319358,31.290013400926348,-66.1303100051488,29.629571457411277,32.14741158007687,Sp0020+3305
56.88489373761246,None,-40.76832426785817,79.88702137442061,-37.37712833316426,73.0953884376673,86.88489373761246,Sp0020-2155
41.96962914503543,None,-21.005953881272053,70.05584648022453,-18.798295250327605,66.67357808563915,71.96962914503543,Sp0021-4244
20.89331485447599,None,-0.6854195070812128,50.313595803262345,0.5588698633756741,49.15937662040854,50.89331485447599,Sp0021-6351
23.151691188711844,None,-70.05256700851812,51.88197227636336,-63.192373947703345,49.32456883969193,53.151691188711844,Sp0022+1203
37.102945462532915,None,-59.34716002357772,65.39601631229894,-54.383895129023585,61.805604076800876,67.10294546253292,Sp0024-0158
56.761907412685986,None,-36.14766745450959,81.08934440177292,-33.2180249423345,74.41643326889779,86.76190741268599,Sp0024-2708
-0.5,None,-57.92439305671138,10.455678669115636,-55.099714227428514,9.529870585783607,10.83609154750585,Sp0025+5422
28.577887348178614,None,-66.77977686612122,57.4892328029985,-60.835246906845285,54.76155693494884,58.57788734817861,Sp0026+0632
30.195478099386435,None,-9.93057969997167,59.532234929456536,-8.37538332843395,57.82290650440443,60.195478099386435,Sp0026-5428
12.846097767341853,None,-76.04021842731947,42.16424938280214,-68.20754924788167,40.32863464097686,42.84609776734185,Sp0027+2219
30.649503030063457,None,-10.38495664344786,59.98449711228394,-8.819382299893938,58.24952861153524,60.64950303006346,Sp0027-5401
12.360611048883108,None,-76.22873525835499,41.6986074487173,-68.38673873944863,39.896967933119065,42.36061104888311,Sp0028+2249
22.251753613653527,None,-71.89402004122073,51.43919383413277,-65.08728424679376,49.21467312973483,52.25175361365353,Sp0029+1255
12.45579647009209,None,-76.68399728002755,41.852794013016656,-68.84442137870118,40.11909579877246,42.45579647009209,Sp0030+2244
28.37028179835515,None,-67.79102757190391,57.528249423909955,-62.006442378175194,55.06537149326722,58.37028179835515,Sp0031+0649
45.98743673157,None,-25.440838234470135,74.555485537892,-23.301088810983448,70.88120706357687,75.98743673157,Sp0031-3840
32.87746348106289,None,-64.02294053910255,61.91532700957332,-58.867602502037975,59.129998112003136,62.87746348106289,Sp0032+0219
5.758521689298149,None,-76.63500333177643,35.288211312568585,-69.32851086598374,33.847319878062024,35.75852168929815,Sp0032+2927
50.512855831851454,None,-47.96723272446457,78.3283954830135,-44.583475803736604,73.11037739307476,80.51285583185145,Sp0033-1521
-0.5,None,-70.22736295085583,24.089446810027063,-65.45824782557484,23.02240633342797,24.407906749887275,Sp0034+4050
6.4277523284162825,None,-77.5562342521351,36.03944410691361,-70.16949071204291,34.685208088783945,36.42775232841628,Sp0035+2848
16.889702233373946,None,-76.47660401578185,46.4108333029343,-69.02329394510795,44.72039485175625,46.889702233373946,Sp0036+1821
55.738641975107555,None,-43.27484301526508,82.62621333387867,-40.36331962678054,76.2948748008859,85.73864197510756,Sp0036-2031
-39241.45830820812,None,-71.90348608233286,25.810197852033337,-66.89480174575311,24.782494838227016,26.075854169179188,Sp0037+3910
21.54717322422723,None,-74.66111072425831,51.21584337671247,-68.1316403285512,49.56950737525837,51.54717322422723,Sp0041+1341
28.401358857045018,None,-8.5484164221588,58.164368492444254,-7.336365066671352,57.02911819739135,58.40135885704502,Sp0041-5621
42.43946560449295,None,-56.40087649208767,71.80122022091763,-52.765961914438286,68.68522023411836,72.43946560449295,Sp0042-0712
10.798587107458573,None,-79.88234106671202,40.59169282131484,-72.04648698413409,39.36881966652157,40.79858710745857,Sp0043+2426
-0.5,None,-57.335457514745066,8.976982793723197,-55.271867838082976,8.41104226824948,9.063903240683892,Sp0044+5610
48.57637042787994,None,-28.605427551787116,78.09710396914919,-26.764112747871827,74.77094735612634,78.57637042787994,Sp0045-3604
32.32241484559402,None,-66.12900954676995,62.08656300472549,-61.592088979477815,60.11913725000699,62.32241484559402,Sp0046+0252
49.913674012555674,None,-29.99195326241261,79.45174560881945,-28.119851877665745,75.83570616566259,79.91367401255567,Sp0046-3442
41.66871939865027,None,-57.50848346718447,71.55890870752165,-54.15382406611019,69.03174711556221,71.66871939865027,Sp0049-0635
50.49683368042871,None,-48.821437827522644,80.4243166810496,-46.16225400870725,76.43878579937785,80.49683368042871,Sp0050-1538
54.7130423232381,None,-44.41060824759847,84.52772738216858,-41.99619646549184,79.0277534349881,84.7130423232381,Sp0050-2008
16.422759798982526,None,-79.7085147065675,46.422759798982526,-72.49297551371119,45.336951712265474,46.422759798982526,Sp0051+1844
56.74628539907282,None,-41.81028634150858,86.74628539907282,-39.58054098437109,80.23011757734929,86.74628539907282,Sp0051-2251
56.81479663753254,None,-41.770938354601405,86.81479663753254,-39.55165630508396,80.28868186152128,86.81479663753254,Sp0051-2254
-0.5,None,-46.75236751912625,-2.1692216886873026,-45.76390115268297,-2.460242042081616,-2.1692216886873026,Sp0052+6724
56.745972667496815,None,-37.70718142029289,86.74597266749682,-35.72574865971164,80.62368973480459,86.74597266749682,Sp0052-2705
22.68041545941773,None,-3.171146290871861,52.68041545941773,-2.318276724390512,52.079356364862235,52.68041545941773,Sp0052-6201
-0.5,None,-63.91923583592422,15.510463313382228,-61.45950548174403,15.02480027286161,15.510463313382228,Sp0053+4942
-0.5,None,-63.62803597793988,15.1957342001478,-61.21545897362943,14.717887816679312,15.1957342001478,Sp0053+5001
48.05557329956456,None,-28.432283841069705,78.05557329956456,-26.824539962265135,75.44285963409817,78.05557329956456,Sp0053-3631
53.645080547226996,None,-34.07192035630067,83.645080547227,-32.31524942360878,79.57455447644298,83.645080547227,Sp0055-3052
29.879263150504052,None,-10.34329320725274,59.87926315050405,-9.33736923652379,59.08789588861464,59.87926315050405,Sp0055-5450
-0.5,None,-65.23866859063182,16.656254442212763,-62.85904712242625,16.262114336690384,16.656254442212763,Sp0058+4835
42.07594085555809,None,-57.83487371666031,72.07594085555809,-54.985615983566845,70.2876945061475,72.07594085555809,Sp0058-0651
-0.5,None,-56.68580988633576,7.816664008284886,-55.209542415278534,7.524566189098712,7.816664008284886,Sp0059+5726
-0.5,None,-61.18264776714472,12.349892027243449,-59.400825024069725,12.057801817249372,12.349892027243449,Sp0102+5254
47.125825217565335,None,-27.58922800561331,77.12582521756534,-26.29814429382695,75.58251728227656,77.12582521756534,Sp0102-3737
21.376778006662875,None,-1.973900055048461,51.376778006662875,-1.308777810248016,51.03026207359579,51.376778006662875,Sp0102-6322
8.81644266011675,None,-84.09851514295556,38.81644266011675,-76.5069836312662,38.31385490677204,38.81644266011675,Sp0103+2626
-0.5,None,-68.741214365997,20.094595398769343,-66.11267594688428,19.762214116470467,20.094595398769343,Sp0103+4509
35.986544041647605,None,-64.04844181984828,65.9865440416476,-60.938449481396596,64.91278331370667,65.9865440416476,Sp0103-0044
30.893545740689127,None,-11.454376068426722,60.89354574068913,-10.585421522049899,60.349763772076585,60.89354574068913,Sp0103-5351
20.29119874678964,None,-78.97741227031055,50.29119874678964,-73.37199235469274,49.68742213580369,50.29119874678964,Sp0104+1457
25.195546089994387,None,-5.82731455291233,55.19554608999439,-5.144352269950093,54.87855690397404,55.19554608999439,Sp0106-5933
10.649966754213999,None,-85.22342469192081,40.649966754214,-77.38505434350988,40.258405570075944,40.649966754214,Sp0107+2435
28.780208531230585,None,-71.36676435654458,58.780208531230585,-67.84320773278846,58.27078267359772,58.780208531230585,Sp0109+0625
5.405677971099806,None,-83.24955774311687,35.405677971099806,-77.04228966113163,35.13133676236793,35.405677971099806,Sp0109+2949
38.90656843125235,None,-61.42773837586455,68.90656843125235,-58.992955653429206,68.23325264766072,68.90656843125235,Sp0109-0343
34.81174916515553,None,-15.467448049745634,64.81174916515553,-14.637809629007581,64.40212175910204,64.81174916515553,Sp0109-4954
33.715703513265396,None,-14.370313741317222,63.715703513265396,-13.560700657483912,63.32511285361642,63.715703513265396,Sp0109-5100
35.55824071383637,None,-16.275338358772146,65.55824071383637,-15.489766196425416,65.25404232402806,65.55824071383637,Sp0111-4908
49.07171849289483,None,-51.20743704651634,79.07171849289483,-49.57487597449825,78.45968260603135,79.07171849289483,Sp0113-1408
-0.5,None,-0.5426223983653932,49.760472164278525,-0.12320720776276449,49.73068766144513,49.760472164278525,Sp0116-6455
-0.5,None,-82.90125232258872,47.22872844808139,-77.50734595610231,47.19069037992931,47.22872844808139,Sp0117+1752
-0.5,None,-52.60958079595938,77.56567333879383,-51.09936582163296,77.47730181329685,77.56567333879383,Sp0117-1247
-0.5,None,-57.76466852095779,72.40600677254041,-56.23470274195095,72.67875419444431,72.40600677254041,Sp0120-0741
-0.5,None,-20.698452958355382,69.63151901103977,-20.06685459679442,69.81608404263324,69.63151901103977,Sp0121-4447
-0.5,None,-22.825139915110817,71.56981474870916,-22.236853043960508,71.97875728677249,71.56981474870916,Sp0123-4240
-0.5,None,-46.179788418555425,-3.155434657555781,-45.8079591621377,-3.0804561180703023,-3.155434657555781,Sp0124+6819
-0.5,None,-30.931905552454065,-18.34802115720613,-30.8460850496377,-18.321185000079726,-18.34802115720613,Sp0124+8334
-0.5,None,-31.576598191915462,79.70686145478588,-30.87865015909579,80.63504946760041,79.70686145478588,Sp0124-3355
-0.5,None,-85.65170275813999,36.18988840271938,-80.57976564579354,36.419660752622576,36.18988840271938,Sp0125+2847
-0.5,None,-79.81102001593916,50.508168800661984,-76.7340599173695,50.897101636280794,50.508168800661984,Sp0126+1419
-0.5,None,-33.8319977479704,81.22153311528959,-33.20338162444423,82.96619985433341,81.22153311528959,Sp0127-3140
-0.5,None,-67.6850273572927,62.36458920715947,-66.19696477247433,63.038578196430294,62.36458920715947,Sp0128+0211
-0.5,None,-82.84171638148568,47.371661542212074,-79.58338124785378,47.88602341608069,47.371661542212074,Sp0130+1721
-0.5,None,-63.297850496675345,66.46622375058507,-62.20022953937138,67.43635105748312,66.46622375058507,Sp0130-0211
-0.5,None,-20.736713418110988,69.2229871562323,-20.346884346084043,69.98099573542476,69.2229871562323,Sp0130-4445
-0.5,None,-88.25568213062259,38.86065479666271,-83.13741969737998,39.37802437321429,38.86065479666271,Sp0132+2552
-0.5,None,-56.315102737738414,72.92793306598489,-55.517351393390584,74.41815014388544,72.92793306598489,Sp0132-0910
-0.5,None,-32.549856235223494,79.33000867428268,-32.167554760108125,81.81552811612761,79.33000867428268,Sp0134-3255
-0.5,None,-77.45803119896622,52.30903022336857,-76.0322107036888,53.16115017934109,52.30903022336857,Sp0135+1205
-0.5,None,7.863084794907877,41.17027688261654,7.940230433298511,41.39653188747747,41.17027688261654,Sp0138-7320
-0.5,None,-47.46422424818551,79.19690807126896,-47.15404188690631,83.07319910499771,79.19690807126896,Sp0139-1757
-0.5,None,-82.90095794433523,46.17550285223795,-81.84812732494358,47.13317953529236,46.17550285223795,Sp0141+1804
-0.5,None,-41.102803720032725,81.27830958630031,-40.9263395529675,88.13578854847852,81.27830958630031,Sp0141-2417
-0.5,None,-62.956351734546786,13.337783142495182,-62.931093271738575,13.853125684461773,13.337783142495182,Sp0144+5121
-0.5,None,-57.972945525859245,69.8816945048412,-57.918097076679956,72.3162980059661,69.8816945048412,Sp0144-0716
-0.5,None,-34.86772195083322,78.4109463316181,-34.97913013595101,83.39699145303356,78.4109463316181,Sp0148-3024
-0.5,None,-3.2415135137393163,51.80313523226855,-3.2900958759844956,52.49900523990893,51.80313523226855,Sp0148-6209
-0.5,None,-49.93327508087084,0.3568287174678762,-50.09293976272394,0.7993720611516714,0.3568287174678762,Sp0151+6423
-0.5,None,-63.993825721483205,63.36754555667278,-64.48636156842672,65.70932775839906,63.36754555667278,Sp0151-0051
-0.5,None,-0.8729294059079489,49.47210215678225,-0.9530097018345993,50.12954573164386,49.47210215678225,Sp0151-6430
-0.5,None,-70.66344920496167,21.149114418107377,-71.34363176804136,21.99934312822212,21.149114418107377,Sp0154+4305
-0.5,None,-73.98540417007733,53.155384425472974,-75.21280070870604,55.01642962135805,53.155384425472974,Sp0155+0950
-0.5,None,-67.91028758111334,58.82914543172153,-68.97624714860979,61.14697192416173,58.82914543172153,Sp0156+0331
-0.5,None,-47.33001717000739,-2.2493692144117747,-47.57129043687145,-1.78733221781296,-2.2493692144117747,Sp0157+6656
-0.5,None,-80.50790069368645,45.063024113667694,-83.52907811021375,46.70616945821513,45.063024113667694,Sp0158+1807
-0.5,None,-58.575089969977924,66.61374934867752,-59.58387249146875,70.0437984736378,66.61374934867752,Sp0200-0554
-0.5,None,-73.66686825254027,52.04674706142111,-75.82486439494771,54.213064831532236,52.04674706142111,Sp0202+1020
-0.5,None,-43.34843202573996,-6.215445077897826,-43.61866305093082,-5.77585208931754,-6.215445077897826,Sp0202+7053
-0.5,None,-28.360826583962588,72.3388108831546,-28.948573049965304,76.45847921488547,72.3388108831546,Sp0204-3632
-0.5,None,-25.194998942276577,70.23216994464528,-25.739110319882247,73.6456921606632,70.23216994464528,Sp0204-3945
-0.5,None,-75.44405627945379,49.451135699184825,-78.33449994604311,51.60356856373084,49.451135699184825,Sp0205+1251
-0.5,None,-57.338148738989666,66.76259541381538,-58.59314996116253,70.59207031839895,66.76259541381538,Sp0205-0653
-0.5,None,-75.91366849525113,48.22718442172852,-79.35388852491694,50.42849870741589,48.22718442172852,Sp0207+1355
-0.5,None,-34.74921642241932,74.72162516924853,-35.55393731881501,80.76481138732733,74.72162516924853,Sp0207-2955
-0.5,None,-27.453955222115702,71.38245993702634,-28.11826279728514,75.45797705074399,71.38245993702634,Sp0207-3721
-0.5,None,-80.81579919589566,37.122456531793105,-88.23175048664451,38.83718440747286,37.122456531793105,Sp0208+2542
-0.5,None,-63.51139588225532,14.03691904805641,-64.67457139635928,15.037674834985964,14.03691904805641,Sp0208+4949
-0.5,None,-12.460670160186707,59.44015494543088,-12.998313879350269,61.37494783421468,59.44015494543088,Sp0210-5228
-0.5,None,-49.64467167776133,70.95158517009716,-50.97403515810569,76.39744942736381,70.95158517009716,Sp0211-1427
-0.5,None,-72.46385138224154,50.80815887186241,-75.82768127412888,53.41673522603461,50.80815887186241,Sp0212+1032
-0.5,None,-79.95149363257372,37.91796065585022,-87.79411166224668,39.80574767635699,37.91796065585022,Sp0212+2433
-0.5,None,-53.26934626579936,68.30194869640489,-54.80149458640416,73.10198050968019,68.30194869640489,Sp0212-1036
-0.5,None,-67.76211622173317,18.663807238746656,-69.64855372875566,19.90831310285577,18.663807238746656,Sp0213+4444
-0.5,None,-50.19187837625489,70.03814003845844,-51.67202729365341,75.45041946547217,70.03814003845844,Sp0213-1343
-0.5,None,-59.404585149928636,63.055870972323966,-61.386874708171675,67.00332959207485,63.055870972323966,Sp0214-0357
-0.5,None,-33.69264979107289,72.98963275749755,-34.7424339414145,79.01978265086296,72.98963275749755,Sp0215-3040
-0.5,None,-74.20379247046932,47.672781500917395,-78.59175366552145,50.24614201129511,47.672781500917395,Sp0216+1335
-0.5,None,-42.03004941774316,72.94776646928042,-43.35700187406334,79.75233474286244,72.94776646928042,Sp0216-2200
-0.5,None,-74.77444123066944,27.300632354298806,-78.6270063652647,28.92629274001668,27.300632354298806,Sp0217+3526
-0.5,None,-56.79952858365417,64.07631629315165,-58.93455881428508,68.55118820952906,64.07631629315165,Sp0218-0617
-0.5,None,-32.662651487868544,72.04720904813033,-33.80623526384999,77.94856563696169,72.04720904813033,Sp0218-3133
-0.5,None,-54.01358994896349,4.439524826202656,-55.058686715603535,5.384254691363593,4.439524826202656,Sp0219+5912
-0.5,None,-44.11589415469755,71.58633363172486,-45.6547341096968,78.16510427165571,71.58633363172486,Sp0219-1938
-0.5,None,-76.60432025928648,31.53111174747853,-82.56908687509352,33.47151596762252,31.53111174747853,Sp0222+3033
-0.5,None,-36.3115011291,71.88660836197941,-37.720536848130095,78.55306780455305,71.88660836197941,Sp0222-2732
-0.5,None,-27.319674774339436,69.16807723920219,-28.451744835162298,73.98386615588966,69.16807723920219,Sp0222-3651
-0.5,None,-50.806239569482265,1.2135988389629269,-51.822913053454485,2.139854442306154,1.2135988389629269,Sp0225+6229
-0.5,None,-61.49740691848754,12.375576772827493,-63.48709357668622,13.722718172441885,12.375576772827493,Sp0227+5034
-0.5,None,-46.62121702115133,68.63267571074073,-48.639751132025545,74.90263920221841,68.63267571074073,Sp0227-1624
-0.5,None,0.03019014655081123,47.70856315379347,-0.5689873712416244,49.014533937081616,47.70856315379347,Sp0227-6447
-0.5,None,-64.22608172352749,55.238326870856135,-67.79734635549558,59.056445639221444,55.238326870856135,Sp0228+0310
-0.5,None,-73.80448445294041,43.61486636502295,-80.05049627513445,46.44943981155633,43.61486636502295,Sp0228+1639
-0.5,None,-1.2703236699518115,48.82507965315149,-1.923015533788124,50.260119255083346,48.82507965315149,Sp0228-6325
-0.5,None,-62.64197340799729,13.673133745828151,-64.8549793461599,15.097496295276729,13.673133745828151,Sp0229+4906
-0.5,None,-73.5299401121803,43.295052123131505,-79.91590775181703,46.17875877589944,43.295052123131505,Sp0230+1648
-0.5,None,-52.36669610718941,64.37856147756183,-54.92470929953091,69.81537735427644,64.37856147756183,Sp0230-0953
-0.5,None,-41.079623622664286,69.32445007473068,-43.0637789956745,76.17627414960482,69.32445007473068,Sp0232-2152
-0.5,None,-74.8069725476249,38.201026832385374,-82.51920475728906,40.87736248408493,38.201026832385374,Sp0233+2209
-0.5,None,-74.03505496943079,29.696820074885213,-80.25036164811519,31.895645808214905,29.696820074885213,Sp0233+3134
-0.5,None,-52.495909532961015,3.011174339277454,-53.88425364726064,4.135827790338193,3.011174339277454,Sp0234+6012
-0.5,None,-49.69912825145193,0.14203464497072088,-50.8981071121269,1.1693542101627394,0.14203464497072088,Sp0235+6314
-0.5,None,-28.701511811474983,67.40106743188586,-30.353355710020008,73.05860386015308,67.40106743188586,Sp0237-3434
-0.5,None,-44.425596110987186,66.37758165475188,-46.9322750060763,72.96746119145327,66.37758165475188,Sp0239-1735
-0.5,None,-65.73497323790616,49.99976934301107,-70.70852834135597,53.89217722952223,49.99976934301107,Sp0240+0727
-0.5,None,-56.8850244854905,7.765823338265741,-58.94317794830598,9.193311024393914,7.765823338265741,Sp0241+5444
-0.5,None,-21.893929833462714,63.54659592111409,-23.448551320548628,68.05813139621398,63.54659592111409,Sp0242-4124
-0.5,None,-11.243571427609762,56.41053582787641,-12.445117098022576,59.2472669494963,56.41053582787641,Sp0242-5232
-0.5,None,-62.28568644082639,13.924187523443567,-65.25426885595985,15.657086473688466,13.924187523443567,Sp0243+4755
-0.5,None,-27.073795001643443,65.61599516676665,-28.894490809842047,71.17744510451071,65.61599516676665,Sp0244-3548
-0.5,None,-69.94508180839274,41.69993687501759,-76.9073736729589,45.12777145472351,41.69993687501759,Sp0246+1625
-0.5,None,-54.906147865733196,58.29384481536729,-58.644081047380645,63.59745506345316,58.29384481536729,Sp0246-0459
-0.5,None,-71.68903014031319,30.771230769087992,-79.00860403253137,33.49332450738929,30.771230769087992,Sp0247+2850
-0.5,None,-70.62760955721015,39.019175366171055,-78.11742005418455,42.319718286749776,39.019175366171055,Sp0248+1916
-0.5,None,-44.210381349321466,64.11323913627085,-47.13377411567681,70.72452003827662,64.11323913627085,Sp0248-1651
-0.5,None,-39.61488395830805,65.28459177643339,-42.29010160571092,72.16266772522418,65.28459177643339,Sp0249-2147
-0.5,None,-30.709039103776654,65.65856752853232,-32.86937275424615,71.95333430849854,65.65856752853232,Sp0249-3131
-0.5,None,-51.72265256218461,59.53310237046831,-55.354585379985735,65.28370957754005,59.53310237046831,Sp0250-0808
-0.5,None,-58.91276421160387,53.39786670159433,-63.52418426756841,58.24573376987745,53.39786670159433,Sp0251+0047
-0.5,None,-55.15246110141007,56.625469236447714,-59.242145107327524,61.946939699777495,56.625469236447714,Sp0251-0352
-0.5,None,-58.83497054632491,53.081447974026965,-63.52333000706399,57.95071671758593,53.081447974026965,Sp0252+0056
-0.5,None,-59.48108137818298,11.1545788682066,-62.48809501988674,12.967496180413521,11.1545788682066,Sp0252+5014
-0.5,None,-68.7565508613571,40.476533938466886,-75.96363924466142,44.0639476455227,40.476533938466886,Sp0253+1652
-0.5,None,-70.65313302176108,31.610003512962333,-78.26977000325991,34.56459969875866,31.610003512962333,Sp0253+2713
-0.5,None,-37.62061081984466,64.81600575474896,-40.31938117533289,71.7023734921432,64.81600575474896,Sp0253-2336
-0.5,None,15.132865495948273,33.516512948599846,14.726151835109626,34.095145260046834,33.516512948599846,Sp0253-7959
-0.5,None,-41.19796526776899,63.801833696812736,-44.16055912291406,70.6168082685607,63.801833696812736,Sp0254-1934
-0.5,None,-15.8380832423753,58.52352019157567,-17.502151652430374,62.43123156712228,58.52352019157567,Sp0255-4700
-0.5,None,-64.95424655283409,18.87527665374063,-69.73120608878638,21.206755785386857,18.87527665374063,Sp0257+4111
-0.5,None,-56.97923505479314,8.454179147397623,-59.78526223368636,10.2300985624624,8.454179147397623,Sp0257+5253
-0.5,None,-30.43238662870435,64.0092924784421,-32.86518259630853,70.40078763996283,64.0092924784421,Sp0257-3105
-0.5,None,-68.98207266977984,34.55684194094597,-76.82360288345171,37.9358444559947,34.55684194094597,Sp0259+2254
-0.5,None,-18.031199754724284,59.28851421900371,-19.910946275390142,63.70619188724992,59.28851421900371,Sp0259-4421
-0.5,None,-62.64264258060009,15.869652671249199,-66.92413497585908,18.11277803237638,15.869652671249199,Sp0301+4416
-0.5,None,-22.020575515278,60.85422894227279,-24.16414057166568,66.03559994388337,60.85422894227279,Sp0302-3950
-0.5,None,-35.640068032514364,62.435534620406244,-38.66303800110749,69.2970661968027,62.435534620406244,Sp0304-2435
-0.5,None,-33.520730446266334,62.283810010022826,-36.45956257450066,69.05402293936783,62.283810010022826,Sp0306-2647
-0.5,None,-24.48779576193084,61.087990443259336,-26.88753943282359,66.78860978659323,61.087990443259336,Sp0306-3647
-0.5,None,-52.66961435932335,3.8757845557339903,-55.191340588292576,5.59016013738068,3.8757845557339903,Sp0307+5719
-0.5,None,-44.30073635980972,58.322518895752125,-48.250431347140214,64.89661209785437,58.322518895752125,Sp0309-1354
-0.5,None,-24.073814715130847,60.46133943660923,-26.545503830674352,66.16781615339873,60.46133943660923,Sp0309-3658
-0.5,None,-57.04962722239786,48.802116300737055,-62.68303762525709,53.97970106281514,48.802116300737055,Sp0310+0234
-0.5,None,-60.25608381047627,45.34452803174456,-66.5213073839686,50.110382394922915,45.34452803174456,Sp0310+0726
-0.5,None,-32.07080044265555,61.3878022353687,-35.07307873396064,68.08816138758526,61.3878022353687,Sp0310-2756
-0.5,None,-55.8070857874064,49.5753953582846,-61.305834599743015,54.90791194675519,49.5753953582846,Sp0311+0106
-0.5,None,-27.727832851437523,60.80726155249061,-30.5009122260262,67.08495909084658,60.80726155249061,Sp0311-3239
-0.5,None,-63.806465215093375,38.172946410594925,-71.25077466187778,42.380826648870084,38.172946410594925,Sp0314+1603
-0.5,None,-65.96300403186152,27.951545145316103,-73.47390005660799,31.328589714318834,27.951545145316103,Sp0314+2840
-0.5,None,-15.117825413669165,56.00412691904179,-17.247049316165285,60.384505146149465,56.00412691904179,Sp0314-4623
-0.5,None,-32.12023604136383,-17.459220194757872,-32.664702398439324,-16.922405709655916,-17.459220194757872,Sp0315+8122
-0.5,None,-30.62742012553444,59.96287645591648,-33.77343413977711,66.6057286706829,59.96287645591648,Sp0316-2848
-0.5,None,-57.30242257536644,10.342547669672518,-61.36857653580725,12.692241319381079,10.342547669672518,Sp0319+4848
-0.5,None,-23.10317381870165,58.48865683865103,-25.835464071641052,64.2747484280577,58.48865683865103,Sp0319-3703
-0.5,None,-63.23429898376397,34.91154468650978,-70.9654320783165,39.08304646745677,34.91154468650978,Sp0320+1854
-0.5,None,-49.9410172541738,51.42181643169948,-55.115866373960735,57.428918434401886,51.42181643169948,Sp0320-0446
-0.5,None,-6.598568648684428,50.35592895283669,-8.41386751042629,53.599310662522555,50.35592895283669,Sp0320-5520
-0.5,None,-62.12865065107846,18.67130707017755,-68.0461995704361,21.607275220847264,18.67130707017755,Sp0321+3847
-0.5,None,-17.36579552747169,55.887737381621235,-19.87516631974983,60.88725914261462,55.887737381621235,Sp0323-4304
-0.5,None,-7.414659834249681,50.594017466475904,-9.355341363445435,54.04932807696986,50.594017466475904,Sp0324-5410
-0.5,None,13.415274527927494,34.723724340221914,12.69045766671964,35.67748375011075,34.723724340221914,Sp0324-7727
-0.5,None,-60.53742402494806,37.78976805825797,-67.94029428258777,42.398188158151825,37.78976805825797,Sp0325+1412
-0.5,None,-48.266789766439075,50.93206970725898,-53.5063030407514,57.09786129964659,50.93206970725898,Sp0325-0551
-0.5,None,17.458246564846874,31.17221333305839,16.983308825378074,31.759610814980416,31.17221333305839,Sp0325-8159
-0.5,None,-62.05289829661618,33.726692855201996,-69.82753238917604,37.99892729132177,33.726692855201996,Sp0326+1919
-0.5,None,-33.08710870503355,57.59820507635142,-36.77718154367341,64.44018106992108,57.59820507635142,Sp0326-2443
-0.5,None,-17.552790134299993,55.57934408893216,-20.151788348374552,60.67957679704977,55.57934408893216,Sp0326-4236
-0.5,None,-58.641158139058724,39.25609861707603,-65.82208827731807,44.13159931885856,39.25609861707603,Sp0328+1129
-0.5,None,-62.24935950327391,22.52173529655792,-69.25594060828085,25.94985666386404,22.52173529655792,Sp0329+3304
-0.5,None,-62.06471693240294,23.34058368073684,-69.26345192095185,26.885798226530714,23.34058368073684,Sp0330+3146
-0.5,None,-52.55789968683264,4.846081212155787,-56.054082111141845,7.065483502434075,4.846081212155787,Sp0330+5413
-0.5,None,-51.252588467563776,46.82315980705234,-57.19402254335762,52.64882940409613,46.82315980705234,Sp0330-0025
-0.5,None,-11.981611431929593,52.66420482329448,-14.325082120684373,56.96629214096769,52.66420482329448,Sp0330-4835
-0.5,None,-27.375761707535922,56.74666103755124,-30.816121938358283,63.257288133274066,56.74666103755124,Sp0331-3042
-0.5,None,-33.53974782649005,56.03836643155066,-37.504469964956904,62.909130280583014,56.03836643155066,Sp0332-2317
-0.5,None,-60.091576708016895,18.145968935472606,-66.42614972405346,21.399056364486338,18.145968935472606,Sp0334+3740
-0.5,None,-34.721758036872735,55.190482778349384,-38.88120316742544,62.07960748117673,55.190482778349384,Sp0334-2130
-0.5,None,-10.5161544836367,51.48539397918422,-12.867669406676123,55.66207137239841,51.48539397918422,Sp0334-4953
-0.5,None,-54.7831599150809,41.11737518817526,-61.627181952578376,46.47338981994497,41.11737518817526,Sp0335+0658
-0.5,None,-44.66113007182912,50.16774030932421,-49.950854278165224,56.62220085673819,50.16774030932421,Sp0335-0829
-0.5,None,-15.05169557080592,53.3240102981208,-17.750414289626498,58.26552062715644,53.3240102981208,Sp0335-4430
-0.5,None,-6.101181529920131,48.67527933048939,-8.262025327439261,52.27372311159489,48.67527933048939,Sp0338-5435
-0.5,None,-60.14434237656428,27.459509724631513,-67.93233021779078,31.625401642259433,27.459509724631513,Sp0339+2457
-0.5,None,-22.47766380600534,54.7359986794449,-25.81826528872249,60.82787005730715,54.7359986794449,Sp0339-3525
-0.5,None,-21.233730705160365,54.426172878738875,-24.500173881466353,60.37097935543496,54.426172878738875,Sp0340-3649
-0.5,None,-54.89140430104067,9.254127323944944,-59.643513654732985,12.02394561025345,9.254127323944944,Sp0341+4741
-0.5,None,-55.391931404672626,10.175091242300285,-60.35305370742266,13.025918698325546,10.175091242300285,Sp0342+4629
-0.5,None,-49.701812015156236,43.13978935217075,-56.14249913230423,49.05103113108334,43.13978935217075,Sp0344+0111
-0.5,None,-58.90400651922297,26.055905811882344,-66.6573306387092,30.287922905679753,26.055905811882344,Sp0345+2540
-0.5,None,-45.453876327368725,-3.2091551553764153,-48.1242895746001,-1.2885879654376864,-3.2091551553764153,Sp0346+6236
-0.5,None,-47.082596432787724,44.71937783051722,-53.23404385337445,50.89238220427913,44.71937783051722,Sp0346-0218
-0.5,None,-35.48612463082384,51.4270132974047,-40.257406412411875,58.306112582456436,51.4270132974047,Sp0347-1814
-0.5,None,-54.367209689369055,35.85925966725441,-61.78746163869462,41.11291574731027,35.85925966725441,Sp0348+1126
-0.5,None,6.584669893385953,39.66099845819125,5.118259847271038,41.67939644875264,39.66099845819125,Sp0348-6836
-0.5,None,-47.07403242638421,42.93007896302558,-53.465268615585444,49.067077737565164,42.93007896302558,Sp0351-0052
-0.5,None,-35.10740675676597,50.32112041873243,-40.02360536632841,57.19965984783156,50.32112041873243,Sp0351-1751
-0.5,None,-48.69274240005223,40.93563356570263,-55.386851637951516,46.88864738585764,40.93563356570263,Sp0352+0210
-0.5,None,-0.536047708999578,44.2842910525615,-2.6022851651904846,47.37312203750107,44.2842910525615,Sp0352-5955
-0.5,None,-21.518067445951793,51.994419114218964,-25.23342533810023,58.195932446485465,51.994419114218964,Sp0353-3441
-0.5,None,-56.71585491901929,26.55153152495018,-64.54056612953659,31.09792093619237,26.55153152495018,Sp0354+2316
-0.5,None,-56.7016462696213,25.71030763865861,-64.50041118913734,30.203222068755522,25.71030763865861,Sp0354+2416
-0.5,None,-57.03015442921521,18.915625649840383,-64.11807357151753,22.782687382996563,18.915625649840383,Sp0354+3333
-0.5,None,-37.046490574356675,48.58986556873962,-42.30140476223903,55.41305135000729,48.58986556873962,Sp0354-1437
-0.5,None,-48.215953472329936,39.937188666980106,-55.014234009449645,45.907330891548284,39.937188666980106,Sp0355+0237
-0.5,None,-54.07049375974331,32.386219033533955,-61.7449347502705,37.540421228262545,32.386219033533955,Sp0355+1439
-0.5,None,-55.12127227802674,13.07124928139566,-61.226299442717824,16.51366266641659,13.07124928139566,Sp0356+4047
-0.5,None,-53.97707722608883,31.511606591934317,-61.69799602519182,36.63838885532725,31.511606591934317,Sp0357+1529
-0.5,None,-54.880412061937434,12.713572685772728,-60.942364814062216,16.147105172620957,12.713572685772728,Sp0357+4107
-0.5,None,-37.78802062376664,47.16661236105849,-43.274694509676706,53.94888946580263,47.16661236105849,Sp0357-1249
-0.5,None,-56.10017491560266,22.968959908371392,-63.76558662481254,27.340427199127685,22.968959908371392,Sp0358+2710
-0.5,None,-56.27388986390989,20.899902495370455,-63.7303598669903,25.074226938571762,20.899902495370455,Sp0358+3003
-0.5,None,-32.70444935461771,48.730094108185234,-37.727449890149174,55.62044998353684,48.730094108185234,Sp0400-1913
-0.5,None,-55.57445696682309,21.34236723996844,-63.13005306257945,25.65212998495143,21.34236723996844,Sp0401+2849
-0.5,None,-53.50732630526861,10.477516125428263,-59.25367393972742,13.81960823238983,10.477516125428263,Sp0401+4327
-0.5,None,-55.06835645129984,22.9619544526685,-62.779464716681744,27.467246430290103,22.9619544526685,Sp0403+2616
-0.5,None,-53.53050851484575,11.609366914910156,-59.61621011724398,15.132235366756143,11.609366914910156,Sp0404+4127
-0.5,None,-34.021784595006416,46.13865493606754,-39.47399923481294,53.00852061537338,46.13865493606754,Sp0407-1552
-0.5,None,-48.2623532222325,34.4374733649475,-55.61996739157384,40.24238725807161,34.4374733649475,Sp0408+0742
-0.5,None,-34.51241442911112,45.465198840225675,-40.079613782288845,52.32115355055094,45.465198840225675,Sp0408-1450
-0.5,None,-40.232289221202144,41.66985321483468,-46.53655248770194,48.25084078718676,41.66985321483468,Sp0409-0605
-0.5,None,-50.02702846378764,30.627618735771822,-57.703514927276366,36.124610210300254,30.627618735771822,Sp0410+1304
-0.5,None,-34.04356484814123,45.03650517420704,-39.6446604097357,51.89805579341721,45.03650517420704,Sp0410-1459
-0.5,None,-52.59415674104419,13.550619014112199,-59.33757959222686,17.506313220637033,13.550619014112199,Sp0413+3709
-0.5,None,-24.775549730939346,47.30892195007017,-29.50028481137815,54.016794018909906,47.30892195007017,Sp0413-2704
-0.5,None,-48.70880107361663,29.414780684139014,-56.41674529643539,34.98800034408829,29.414780684139014,Sp0416+1310
-0.5,None,0.8834491865887624,41.83344691180521,-1.5353062826192876,45.19771495638614,41.83344691180521,Sp0416-5935
-0.5,None,-49.734217130644076,27.129939760478745,-57.54567114909857,32.49708007741967,27.129939760478745,Sp0417+1634
-0.5,None,-37.435093351599605,40.707699519181844,-43.73738885742457,47.407538921701146,40.707699519181844,Sp0417-0800
-0.5,None,-28.234285579190225,45.315443722689025,-33.47503324465815,52.1802188272914,45.315443722689025,Sp0417-2129
-0.5,None,-50.457440052820765,8.842229253059289,-56.52534277742896,12.524963667513472,8.842229253059289,Sp0419+4233
-0.5,None,-32.38240168301791,42.8719529046061,-38.17997375021477,49.74503897362584,42.8719529046061,Sp0420-1458
-0.5,None,9.410438421932245,36.530245801060545,7.730152392999087,38.635862552000276,36.530245801060545,Sp0420-7005
-0.5,None,4.013351992660211,39.79472398017126,1.7884553177241442,42.759744555144614,39.79472398017126,Sp0421-6306
-0.5,None,-16.76146800291315,46.04254272701374,-20.99148427383756,52.16158522737296,46.04254272701374,Sp0422-3606
-0.5,None,-38.52954875175859,37.62408453781998,-45.22493533706074,44.21269212990941,37.62408453781998,Sp0423-0414
-0.5,None,-49.86561147133594,20.920629912761424,-57.64124126589027,25.91434860543026,20.920629912761424,Sp0424+2402
-0.5,None,-42.31190328647081,33.0888880737069,-49.58425068711849,39.3285373401293,33.0888880737069,Sp0426+0336
-0.5,None,-44.666309326325575,29.909504033044342,-52.24423385203465,35.86228015395584,29.909504033044342,Sp0427+0859
-0.5,None,-43.619295837909775,30.427972670022072,-51.1336822420463,36.48356454654353,30.427972670022072,Sp0428+0728
-0.5,None,-19.28224959284386,44.407434296926176,-23.999644805833718,50.870734667833155,44.407434296926176,Sp0429-3123
-0.5,None,-9.881056867762883,44.20154796744516,-13.642242333550904,49.553759726565474,44.20154796744516,Sp0429-4405
-0.5,None,7.427318437091711,37.38136503900547,5.399871502253469,39.94607200190032,37.38136503900547,Sp0429-6649
-0.5,None,-34.36929640934468,38.09578747485764,-40.83216608730973,44.87015398894879,38.09578747485764,Sp0430-0849
-0.5,None,-42.259262370176366,-5.225107401018885,-45.81764835511408,-2.6879806372004422,-5.225107401018885,Sp0431+6035
-0.5,None,-35.32210746854169,36.77846856478961,-41.969871677699366,43.496868796408734,36.77846856478961,Sp0432-0639
-0.5,None,-43.79341703701626,-2.6358653453150094,-47.952933768268544,0.2246773395720925,-2.6358653453150094,Sp0433+5635
-0.5,None,-18.037823704523934,43.48900510759437,-22.784951368736568,49.89985730720316,43.48900510759437,Sp0433-3210
-0.5,None,-47.31174186652324,19.83751628904586,-55.10657817456066,25.046107211826744,19.83751628904586,Sp0435+2254
-0.5,None,-30.120315400274418,39.189399145806135,-36.24949062230888,46.06894419521632,39.189399145806135,Sp0435-1414
-0.5,None,-28.905179617361572,39.81623420895951,-34.89433700679442,46.70597555616647,39.81623420895951,Sp0435-1606
-0.5,None,-46.20965973345711,2.810881371105989,-51.626392595902544,6.326287248848661,2.810881371105989,Sp0436+4810
-0.5,None,-45.040237335192444,0.0851486979807218,-49.87313661624472,3.304307807017183,0.0851486979807218,Sp0436+5211
-0.5,None,-23.579866940477768,41.51898962921036,-29.02924152746174,48.31593539505408,41.51898962921036,Sp0436-2338
-0.5,None,-44.607214022412506,23.169793737042994,-52.441772815839684,28.83828581538467,23.169793737042994,Sp0439+1615
-0.5,None,-23.060002763756682,41.10469134821426,-28.528743529235545,47.89189266080551,41.10469134821426,Sp0439-2353
-0.5,None,-16.908471510112232,42.34756607165141,-21.726460078975954,48.72691281396051,42.34756607165141,Sp0439-3235
-0.5,None,3.8744074790003484,38.605993499155645,1.2690024454588913,41.9609816030859,38.605993499155645,Sp0439-6105
-0.5,None,-34.43173305449314,34.534824581360546,-41.26745097548258,41.24799584947099,34.534824581360546,Sp0440-0530
-0.5,None,-29.045830376266462,37.54512782662865,-35.307876446532696,44.42722161892644,37.54512782662865,Sp0442-1356
-0.5,None,-16.77474427566527,41.550626859310675,-21.698511394142873,47.96249600954755,41.550626859310675,Sp0443-3202
-0.5,None,-13.105090452821383,41.57396627638999,-17.682162097158624,47.635832718649105,41.57396627638999,Sp0444-3655
-0.5,None,-40.83998339181522,25.809054574436175,-48.53549210532066,31.90870716837555,25.809054574436175,Sp0445+0938
-0.5,None,-33.13983282959474,33.70297002826918,-39.999500985295676,40.44960805135185,33.70297002826918,Sp0445-0602
-0.5,None,-17.199435295567984,40.812668230319055,-22.26590352770258,47.294321979242966,40.812668230319055,Sp0445-3048
-0.5,None,-13.133962327947746,41.38520768857309,-17.743592198310008,47.46487246517848,41.38520768857309,Sp0445-3642
-0.5,None,-1.1804786547403203,39.90098777189107,-4.491764024217116,44.25509364795473,39.90098777189107,Sp0445-5321
-0.5,None,-44.51143226685136,1.233198381084341,-49.92387485637193,4.823778340634845,1.233198381084341,Sp0446+4844
-0.5,None,-42.22553303355983,22.57017787116181,-50.048192758969215,28.42192533585854,22.57017787116181,Sp0447+1436
-0.5,None,-45.434569467210125,14.242538358199656,-52.99213426612724,19.264590762167533,14.242538358199656,Sp0447+2819
-0.5,None,-5.763757241280307,40.574581261221034,-9.648203520267632,45.718043850021125,40.574581261221034,Sp0448-4636
-0.5,None,-43.34204349269531,-1.0009110956615208,-48.36895133534717,2.4054324390820048,-1.0009110956615208,Sp0449+5138
-0.5,None,-34.29096999569159,31.223875583475934,-41.42086815642056,37.87722151709414,31.223875583475934,Sp0449-0228
-0.5,None,-36.64184500416783,28.060449129481455,-44.094433683583055,34.515021684837514,28.060449129481455,Sp0451+0305
-0.5,None,-14.191090504329683,40.096077052622725,-19.098469860875834,46.3704017314711,40.096077052622725,Sp0451-3402
-0.5,None,2.941877333991688,37.94848536454525,-0.042599248089531624,41.72514891441505,37.94848536454525,Sp0451-5818
-0.5,None,-42.65259783323533,17.93209327544032,-50.47445860629849,23.50420758791867,17.93209327544032,Sp0453+2033
-0.5,None,-24.445912477810047,36.25103669254327,-30.600173838315413,43.13047053470725,36.25103669254327,Sp0453-1751
-0.5,None,-2.8419589250321247,39.23975024854871,-6.562495581389091,44.052027405866845,39.23975024854871,Sp0454-4945
-0.5,None,-35.53713413928295,27.31300129212436,-43.002477562566916,33.80861364306155,27.31300129212436,Sp0455+0244
-0.5,None,-42.107968472223625,-2.509420992928339,-47.009091110355826,0.8699849839462531,-2.509420992928339,Sp0455+5252
-0.5,None,-18.184303062391216,38.11190968302708,-23.698240621752426,44.76335221409725,38.11190968302708,Sp0455-2701
-0.5,None,-28.932856153396273,32.71253478440993,-35.69638321940694,39.56082456261153,32.71253478440993,Sp0456-0932
-0.5,None,-43.96101861690208,7.649803141577664,-50.900921877308775,12.253914486602865,7.649803141577664,Sp0457+3622
-0.5,None,-12.977665620650805,38.22921316828841,-18.048223711411605,44.50987080243351,38.22921316828841,Sp0459-3348
-0.5,None,-34.833012200987845,25.878828612619134,-42.36420492822266,32.372668693602755,25.878828612619134,Sp0500+0330
-0.5,None,-35.277452325267916,25.186930199045875,-42.86061754740955,31.63559354886441,25.186930199045875,Sp0500+0442
-0.5,None,-16.741401495636442,36.32074566339274,-22.380593542288377,42.95546817532603,36.32074566339274,Sp0503-2705
-0.5,None,-35.89201074069583,22.17871533515804,-43.6267469420696,28.491443836054245,22.17871533515804,Sp0505+0836
-0.5,None,-1.2217313309833673,37.1811987947749,-5.106125510112851,42.01049649930611,37.1811987947749,Sp0506-4956
-0.5,None,-41.43123365137417,7.5981227404599,-48.63191582954891,12.542977320869559,7.5981227404599,Sp0508+3319
-0.5,None,-22.18573795134816,32.42821736265668,-28.630492131787975,39.306539448972146,32.42821736265668,Sp0508-1647
-0.5,None,-40.342845702022274,10.921150158689679,-47.924781456732966,16.27166894918619,10.921150158689679,Sp0510+2714
-0.5,None,-3.2354042482651133,36.66732862204146,-7.498247692838183,41.91053067219578,36.66732862204146,Sp0511-4606
-0.5,None,-3.0159858592433655,36.5462352464966,-7.2717837680834165,41.77014214121585,36.5462352464966,Sp0511-4618
-0.5,None,-15.716274408969374,34.21786861605988,-21.545265251803293,40.86895431850447,34.21786861605988,Sp0512-2617
-0.5,None,-13.595820786426525,35.07518457642011,-19.15472996228986,41.568780753197565,35.07518457642011,Sp0512-2949
-0.5,None,-37.66760220735889,-8.589085493041999,-41.82131246741731,-5.526202058422827,-8.589085493041999,Sp0515+5911
-0.5,None,-36.120388941605604,-11.526388118144617,-39.52667809653826,-8.92386895849236,-11.526388118144617,Sp0515+6424
-0.5,None,-38.12660043893147,-7.296016945670482,-42.644081341874056,-4.008388713408992,-7.296016945670482,Sp0516+5640
-0.5,None,-13.564230182802016,33.50497191238874,-19.322907540662133,40.06247935470244,33.50497191238874,Sp0517-2816
-0.5,None,-10.176249453448493,34.590542401703445,-15.512907149084908,40.84722574694229,34.590542401703445,Sp0517-3349
-0.5,None,-38.029908938406365,10.915037354886993,-45.71028485850329,16.50652890540684,10.915037354886993,Sp0518+2435
-0.5,None,-31.07842125835271,-18.339863365335923,-32.83162275537891,-16.860969942266838,-18.339863365335923,Sp0520+7626
-0.5,None,-30.61899836157641,20.11076269638328,-38.31945091462625,26.66068105901928,20.11076269638328,Sp0522+0518
-0.5,None,-38.89347861190782,4.076395752860278,-45.9053337917374,9.013040632796057,4.076395752860278,Sp0522+3534
-0.5,None,-37.14989864772918,-8.577711479685057,-41.52674398042805,-5.3479498489902495,-8.577711479685057,Sp0522+5754
-0.5,None,-28.361826735932247,22.777100387125913,-35.87187191072641,29.490614035984066,22.777100387125913,Sp0522-0002
-0.5,None,-38.62939904449377,-2.3173367451332862,-44.530844922900286,1.8588585802097741,-2.3173367451332862,Sp0523+4623
-0.5,None,-20.82110043094451,28.13855698148145,-27.616541577362835,35.02584196642118,28.13855698148145,Sp0523-1403
-0.5,None,4.697100750136311,34.08874522216084,1.1387707947343093,38.258968585009136,34.08874522216084,Sp0523-5607
-0.5,None,17.35026238988539,29.586953297865577,15.855017131857704,31.161479594656775,29.586953297865577,Sp0523-7658
-0.5,None,-35.63594892152735,11.546738788161294,-43.411157786551925,17.400875710429073,11.546738788161294,Sp0525+2102
-0.5,None,1.578276733908533,33.91620610250245,-2.5267860754878537,38.72992568169745,33.91620610250245,Sp0526-5026
-0.5,None,-28.38054717563597,20.03244938898054,-36.03065861401359,26.683826237197305,20.03244938898054,Sp0528+0258
-0.5,None,-37.75420283606268,-3.45293364283334,-43.570945520395114,0.7081091583016238,-3.45293364283334,Sp0528+4712
-0.5,None,-16.211790238832954,28.706240493683065,-22.69788910511611,35.511468659402176,28.706240493683065,Sp0529-2002
-0.5,None,-32.623765225365204,13.622897754429845,-40.46873807793476,19.819810485011946,13.622897754429845,Sp0530+1503
-0.5,None,-34.97586967077383,-12.1029225285008,-38.693730261076595,-9.251809225102079,-12.1029225285008,Sp0530+6253
-0.5,None,-27.347072107820274,19.646082237812443,-34.98795898246617,26.330560013385636,19.646082237812443,Sp0531+0215
-0.5,None,-27.911894770382712,18.366833252316084,-35.61924317688269,24.996959979183128,18.366833252316084,Sp0532+0418
-0.5,None,20.420914822218553,27.623982548398395,19.454210202727364,28.595908981867233,27.623982548398395,Sp0532-8157
-0.5,None,-27.37829751987045,18.667056339512847,-35.061802298396216,25.32740488250799,18.667056339512847,Sp0533+0323
-0.5,None,-36.82754766821092,1.04910358513176,-43.65178716458426,5.953539554654639,1.04910358513176,Sp0533+3740
-0.5,None,-36.59496267942881,-6.193415157530776,-41.967892180583874,-2.2762986536580345,-6.193415157530776,Sp0533+5054
-0.5,None,-17.89853108023299,25.976391630166344,-24.74142536901668,32.84914667141716,25.976391630166344,Sp0534-1511
-0.5,None,-20.81051181025291,23.786079344750057,-27.972354602889723,30.673084083222655,23.786079344750057,Sp0535-0931
-0.5,None,-21.014705861239243,22.831929557268342,-28.255737788083092,29.713646087904056,22.831929557268342,Sp0537-0816
-0.5,None,-35.83362779033685,-1.5483287238444479,-42.379188593467035,3.2053438061694566,-1.5483287238444479,Sp0539+4038
-0.5,None,-35.914841954969084,-5.012484062870972,-41.75309642408473,-0.7513263706460982,-5.012484062870972,Sp0539+4712
-0.5,None,-35.49196071895382,-8.018546617883532,-40.627544950238345,-4.214024672660561,-8.018546617883532,Sp0539+5253
-0.5,None,-23.99925381538582,19.22281322236618,-31.567789431849206,26.01144847498803,19.22281322236618,Sp0539-0059
-0.5,None,1.173167869307419,31.871703559044526,-3.3665069288165137,37.02842426355556,31.871703559044526,Sp0539-4708
-0.5,None,-26.191244882445055,14.635662760238421,-33.98182748647069,21.243807479808712,14.635662760238421,Sp0544+0639
-0.5,None,-18.08245837681747,22.383247928023998,-25.232415119271707,29.27316922470182,22.383247928023998,Sp0544-1109
-0.5,None,-16.979909949514,23.055653298268606,-24.027033846258536,29.937358335977404,23.055653298268606,Sp0544-1309
-0.5,None,-10.964149015876462,26.892419944576414,-17.312944166912434,33.54305781395231,26.892419944576414,Sp0544-2433
-0.5,None,-33.58971247701682,-10.630556103987317,-38.461708470258046,-6.928755082987276,-10.630556103987317,Sp0551+5511
-0.5,None,-21.610030759794917,15.963220268528186,-29.264690900534042,22.76396709669597,15.963220268528186,Sp0552-0002
-0.5,None,12.641340060752395,29.727246011701983,9.658592372698761,32.9095410187799,29.727246011701983,Sp0552-6452
-0.5,None,16.135116515492513,28.88377837010013,13.875739666234058,31.225236241562804,28.88377837010013,Sp0553-7133
-0.5,None,-27.336950389907614,7.873018456179344,-35.158238565110324,14.183469946272659,7.873018456179344,Sp0555+1608
-0.5,None,7.189315509341939,29.61715875021991,3.0967160609378652,34.06571488032698,29.61715875021991,Sp0555-5402
-0.5,None,-24.199207540338904,11.531083108593313,-32.02548880695159,18.143485825116347,11.531083108593313,Sp0556+0802
-0.5,None,-27.07546094490283,7.929455759813787,-34.90052618916752,14.259361960670228,7.929455759813787,Sp0556+1546
-0.5,None,-1.0126116767263722,27.592048972754146,-6.4772527109283615,33.45435965681554,27.592048972754146,Sp0556-3832
-0.5,None,-20.79459511689516,14.408221559864856,-28.49147275575155,21.205648211465522,14.408221559864856,Sp0557+0048
-0.5,None,-27.239148349093483,6.995639747028931,-35.044632934918305,13.274553617143306,6.995639747028931,Sp0557+1708
-0.5,None,-24.253737833600773,8.911903180992237,-32.09976018093586,15.442293040966844,8.911903180992237,Sp0601+1115
-0.5,None,-31.28999573902859,-4.643155287742744,-37.951563080717115,0.4156015003874032,-4.643155287742744,Sp0602+3910
-0.5,None,-15.042163933811983,17.42867952730289,-22.412424848603628,24.3186271729911,17.42867952730289,Sp0602-0915
-0.5,None,-14.85563339425876,17.933097407880616,-22.186247820708346,24.82139587937869,17.933097407880616,Sp0602-1001
-0.5,None,21.18902348922054,26.65219811484067,20.07317614534658,27.736827143456185,26.65219811484067,Sp0603-8127
-0.5,None,-27.202272947992608,2.995619007480674,-34.87054318678034,9.080803451464867,2.995619007480674,Sp0604+2219
-0.5,None,-28.98124753870403,-0.24809366944362124,-36.35468505564279,5.474145805701769,-0.24809366944362124,Sp0604+2906
-0.5,None,-29.972567592054546,-2.2097707212466973,-37.08460525384322,3.251529736141942,-2.2097707212466973,Sp0604+3322
-0.5,None,-7.391105419282706,22.104031826136417,-14.00729131047386,28.735297370247466,22.104031826136417,Sp0605-2342
-0.5,None,-27.17444078623486,1.3704566218501308,-34.75739799666099,7.365716972996732,1.3704566218501308,Sp0607+2429
-0.5,None,-31.024555466114386,-8.585303587467664,-37.033166735495776,-3.979974693859014,-8.585303587467664,Sp0607+4550
-0.5,None,-22.442680643883286,7.633454980358911,-30.288749472077786,14.213555507315931,7.633454980358911,Sp0608+1041
-0.5,None,0.6668909558386784,24.92882491376884,-5.007732139891934,30.822948567547677,24.92882491376884,Sp0609-3739
-0.5,None,-1.1399788760316207,23.781091361914285,-7.122927832505021,29.922457337128545,23.781091361914285,Sp0610-3346
-0.5,None,-28.440461884146266,-3.6257687122008466,-35.53071915051835,1.8895238968021302,-3.6257687122008466,Sp0611+3325
-0.5,None,-29.7600693267423,-18.2759297746916,-32.876784984200484,-15.722297235139578,-18.2759297746916,Sp0611+6818
-0.5,None,7.797320936851667,26.939276704097168,3.2708537443838637,31.682222440631485,26.939276704097168,Sp0611-5109
-0.5,None,-28.890687996688463,-6.424635341107367,-35.584302830314165,-1.2291021277700427,-6.424635341107367,Sp0614+3833
-0.5,None,-29.75657394876617,-9.606454250859532,-35.784814703773435,-4.928955809480518,-9.606454250859532,Sp0614+4536
-0.5,None,-7.258970763614226,18.980297881754304,-14.157789029672369,25.694749497675083,18.980297881754304,Sp0614-2019
-0.5,None,-15.952965137839852,11.11896069219669,-23.661428989932087,17.97573120260046,11.11896069219669,Sp0615-0100
-0.5,None,-29.77511129742111,-11.6665359641571,-35.34785826888663,-7.312398275399428,-11.6665359641571,Sp0616+4946
-0.5,None,-29.990331486435615,-14.77535447331764,-34.61351973796352,-11.109010759292483,-14.77535447331764,Sp0616+5729
-0.5,None,5.886745135336909,25.41631191968549,0.8397873348498235,30.64115754189718,25.41631191968549,Sp0616-4557
-0.5,None,9.702863772816778,25.90392686338352,5.26102989525205,30.46878722813036,25.90392686338352,Sp0619-5249
-0.5,None,-21.305704722634463,2.3526367072048036,-29.09748276163734,8.811772688248581,2.3526367072048036,Sp0621+1555
-0.5,None,-7.695733399512771,15.499212731240847,-14.893702312131898,22.301263211918254,15.499212731240847,Sp0622-1548
-0.5,None,-4.693638774230782,17.849106170766117,-11.550635371967918,24.487161754121587,17.849106170766117,Sp0622-2211
-0.5,None,-24.35608724784813,-2.6933098405447558,-31.81041035911625,3.2982200075345007,-2.6933098405447558,Sp0623+2631
-0.5,None,-28.77642398354928,-13.44130227748108,-34.13405025216114,-9.196863288046542,-13.44130227748108,Sp0623+5137
-0.5,None,17.07894461130124,26.550032804468945,14.308115607965078,29.303482502355724,26.550032804468945,Sp0623-6838
-0.5,None,-24.6066115020629,-3.671486512129046,-31.97259911359867,2.234374221270178,-3.671486512129046,Sp0624+2815
-0.5,None,-28.65593099504779,-18.869259523816154,-32.072912336934046,-16.056642770428788,-18.869259523816154,Sp0624+6626
-0.5,None,6.931884148050045,23.816272422862987,1.7498331508628118,29.07259404446212,23.816272422862987,Sp0624-4521
-0.5,None,-9.572597415145237,12.906203605134621,-17.014852571693428,19.776893364256736,12.906203605134621,Sp0625-1034
-0.5,None,-14.277089662329157,7.9820526154005345,-22.049010667349563,14.833933432956833,7.9820526154005345,Sp0626+0041
-0.5,None,-25.744862686808663,-7.051293867131268,-32.69164972513523,-1.52376166169895,-7.051293867131268,Sp0626+3454
-0.5,None,-28.49190458046014,-15.920741788283513,-33.20769124153397,-12.128925015244075,-15.920741788283513,Sp0627+5651
-0.5,None,-4.779924112882911,14.907690979228974,-11.886112814391083,21.629938306364703,14.907690979228974,Sp0630-1840
-0.5,None,20.601191504382175,25.896199168194578,18.79643791851078,27.625160346791418,25.896199168194578,Sp0630-7643
-0.5,None,-25.996455802730466,-23.632292139582837,-27.006149121691777,-22.742929767776424,-23.632292139582837,Sp0632+8305
-0.5,None,-8.24109983479425,11.166908157492486,-15.734384277919663,18.034850407460404,11.166908157492486,Sp0632-1009
-0.5,None,10.269347140073688,23.510273681959266,5.460119482121319,28.313812145222094,23.510273681959266,Sp0632-5010
-0.5,None,-21.220809370346288,-4.001820307616011,-28.743462458849354,2.171549303133537,-4.001820307616011,Sp0634+2413
-0.5,None,-10.204133942854172,7.927090733627185,-17.89852074757291,14.817272258550632,7.927090733627185,Sp0635-0403
-0.5,None,-0.2296535457196108,14.53667865867895,-7.127912179098627,21.063155776338597,14.53667865867895,Sp0640-2352
-0.5,None,8.669301146509584,20.477527426106395,3.165789152513446,25.850534030017613,20.477527426106395,Sp0641-4322
-0.5,None,18.18670360630665,24.66541566559457,15.131251504282922,27.607082676384596,24.66541566559457,Sp0642-6707
-0.5,None,-16.71876907886549,-2.5352597153122707,-24.461850738973375,3.996161401372379,-2.5352597153122707,Sp0643+1631
-0.5,None,-9.095641249610349,5.391813266324575,-16.84892108493884,12.2804880356483,5.391813266324575,Sp0643-0223
-0.5,None,-1.964555762090202,12.01679430087593,-9.154375225186795,18.70482586900203,12.01679430087593,Sp0643-1843
-0.5,None,-26.59030118372794,-22.081609531501158,-29.227478988059175,-19.835813921146823,-22.081609531501158,Sp0644+7206
-0.5,None,2.712596029964293,15.428919770294437,-3.9215379030814104,21.733379054872138,15.428919770294437,Sp0644-2841
-0.5,None,23.32040009939421,25.0785153124311,22.524336911404337,25.811858835052675,25.0785153124311,Sp0644-8422
-0.5,None,0.14235088728186718,12.449217530756943,-6.911381565978439,19.03022262710447,12.449217530756943,Sp0646-2150
-0.5,None,18.271813669392785,23.870497829906927,15.003905539643,26.987545825983727,23.870497829906927,Sp0648-6537
-0.5,None,-23.570493334694298,-16.19436599540729,-29.3743323688296,-11.398871712095792,-16.19436599540729,Sp0652+4710
-0.5,None,-1.0079527314021046,8.93358432993095,-8.366128848483031,15.662510901963712,8.93358432993095,Sp0652-1614
-0.5,None,2.9524589630824343,12.637539550491082,-3.9314103045363296,19.05496979183418,12.637539550491082,Sp0652-2534
-0.5,None,-25.266257218538676,-24.36232482578548,-26.26600111414378,-23.482665755049478,-24.36232482578548,Sp0655+8318
-0.5,None,-15.887088899164262,-7.65072470249384,-23.42620716076547,-1.2789375791205027,-7.65072470249384,Sp0656+2211
-0.5,None,-25.618442318026215,-22.3443567919426,-28.75673707315135,-19.66978545244202,-22.3443567919426,Sp0656+6841
-0.5,None,-13.27307342263132,-6.494086207878066,-20.960308618562344,0.07638316187769507,-6.494086207878066,Sp0659+1717
-0.5,None,-14.142462492004674,-7.220256438910812,-21.77081318637071,-0.7231782404304841,-7.220256438910812,Sp0659+1920
-0.5,None,-18.173386776120704,-12.337642608873898,-25.204080124320896,-6.42729152187285,-12.337642608873898,Sp0700+3157
-0.5,None,18.326002738086856,21.508166815289226,14.44407471279642,25.12639185647019,21.508166815289226,Sp0702-6102
-0.5,None,-8.644812443493661,-3.0212919406395367,-16.485400871982495,3.801493696320254,-3.0212919406395367,Sp0703+0711
-0.5,None,-21.607663174066225,-17.768728948735223,-27.4446127156938,-12.861841482418727,-17.768728948735223,Sp0703+4632
-0.5,None,6.137396673849333,11.170655437489037,-0.6897733797725552,17.445214232181524,11.170655437489037,Sp0703-2748
-0.5,None,7.970864908530032,12.830369061691425,1.4310106182941802,18.871340044440952,12.830369061691425,Sp0703-3216
-0.5,None,18.57533653964097,21.528254948664834,14.749954686802178,25.086920065253942,21.528254948664834,Sp0703-6134
-0.5,None,-6.53230632561072,-1.6558821298780653,-14.375616279388195,5.21769782434668,-1.6558821298780653,Sp0704+0258
-0.5,None,-17.05185893441413,-12.548030762359955,-24.149347950071988,-6.545716693840657,-12.548030762359955,Sp0704+3038
-0.5,None,-21.573330463508537,-18.41490683061548,-27.286638830242524,-13.596720518602165,-18.41490683061548,Sp0705+4742
-0.5,None,-13.818401818754689,-9.973546401400801,-21.309379849620818,-3.5733303378198227,-9.973546401400801,Sp0706+2234
-0.5,None,-19.118168770732446,-15.909752238449824,-25.62277231646008,-10.41302787936169,-15.909752238449824,Sp0706+3858
-0.5,None,6.969325868222056,10.255424568377038,0.1084948875296034,16.51673612020933,10.255424568377038,Sp0707-2742
-0.5,None,15.099898833599433,17.65471282079107,9.907218971754348,22.455779039571397,17.65471282079107,Sp0707-4900
-0.5,None,22.421954921871176,23.276361787952908,20.20862457700531,25.286923542220173,23.276361787952908,Sp0710-7431
-0.5,None,-19.521734837336712,-18.167948213054384,-25.62014529367977,-12.979063946606917,-18.167948213054384,Sp0711+4329
-0.5,None,8.603040963262012,10.43468111610289,1.8618033437631953,16.56452632597544,10.43468111610289,Sp0711-3001
-0.5,None,11.806176052090244,13.600590285689302,5.662493406406457,19.222239784932118,13.600590285689302,Sp0711-3824
-0.5,None,-20.2021401559504,-19.6854991234151,-25.9054750045366,-14.813885287176188,-19.6854991234151,Sp0713+4732
-0.5,None,-17.116899613457633,-16.69679529137545,-23.740328518852966,-11.030654022488854,-16.69679529137545,Sp0714+3702
-0.5,None,2.120327812228354,2.0230266830501424,-5.498978354083296,8.798011701590248,2.120327812228354,Sp0715-1145
-0.5,None,20.995642540353007,21.1391281947062,17.61782278819478,24.20045604534087,21.1391281947062,Sp0715-6544
-0.5,None,0.1420464429774554,-0.39871468513001856,-7.608352260959659,6.456575791916552,0.1420464429774554,Sp0716-0630
-0.5,None,1.8346840217205271,0.9049591606448277,-5.83718448358286,7.707660474787822,1.8346840217205271,Sp0717-1004
-0.5,None,17.47019542504774,16.46092413827661,12.385530500841707,21.048623486825473,17.47019542504774,Sp0719-5051
-0.5,None,1.820258147169663,-0.1690880015181007,-5.890148307061324,6.65083172422217,1.820258147169663,Sp0720-0846
-0.5,None,-9.379981008546535,-12.166221612140037,-16.931146498238984,-5.596494273967026,-9.379981008546535,Sp0721+1937
-0.5,None,-15.787784278548909,-18.148210605290394,-22.364498530193842,-12.458805173380874,-15.787784278548909,Sp0721+3714
-0.5,None,11.136811968732218,8.739589256085319,4.396001047893512,14.762774008916494,11.136811968732218,Sp0721-3105
-0.5,None,-2.5127597873807788,-5.468836466261307,-10.359081675585777,1.417732660798213,-2.5127597873807788,Sp0722+0243
-0.5,None,-21.101143980400384,-23.331586418586884,-25.683287076693098,-19.349460235337684,-21.101143980400384,Sp0723+5727
-0.5,None,5.091261675033025,1.4878933116277944,-2.465669430070175,8.17447434905101,5.091261675033025,Sp0723-1439
-0.5,None,5.559841723383212,2.356403737944442,-1.9373913287453206,9.000608584225109,5.559841723383212,Sp0723-1616
-0.5,None,12.289211019466899,9.193037005452794,5.674237852032281,15.087869929432285,12.289211019466899,Sp0723-3309
-0.5,None,23.948647687814358,23.493413372512645,22.518848514696643,24.764985971123878,23.948647687814358,Sp0723-8015
-0.5,None,-21.83473443200634,-24.580397540060158,-25.71457329734626,-21.188079674832693,-21.83473443200634,Sp0726+6302
-0.5,None,-23.650041147914713,-25.55444538013876,-25.755102375842583,-23.705826714234046,-23.650041147914713,Sp0729+7554
-0.5,None,10.855015256783833,5.153201382085641,3.7750461242275533,11.392948610831539,10.855015256783833,Sp0729-2608
-0.5,None,16.648914533961623,12.058056497657827,10.761103782819125,17.2584755591589,16.648914533961623,Sp0729-4258
-0.5,None,-5.920398028867526,-12.737708887500482,-13.563581448352409,-6.029285871975812,-5.920398028867526,Sp0730+1553
-0.5,None,2.064536721509093,-4.699416404672729,-5.752744784792526,2.168642293935545,2.064536721509093,Sp0730-0339
-0.5,None,-0.39711072672427566,-7.654575202358574,-8.242090994669894,-0.7649655787323099,-0.39711072672427566,Sp0731+0249
-0.5,None,-12.758556648210998,-19.41750882687625,-19.48543332913034,-13.501730810435976,-12.758556648210998,Sp0732+3427
-0.5,None,-20.072442879745658,-24.56486794878037,-24.572727960859467,-20.606447505363015,-20.072442879745658,Sp0732+5755
-0.5,None,9.424262522797742,1.760453635438773,2.0356853325605018,8.235741732663124,9.424262522797742,Sp0733-2010
-0.5,None,17.6344462130766,11.47356057092275,11.765361848873132,16.60776608867518,17.6344462130766,Sp0734-4330
-0.5,None,-20.60650946675556,-25.37173800929432,-24.645867928697374,-21.805691053942475,-20.60650946675556,Sp0735+6137
-0.5,None,-7.5091403331711435,-16.795727836890727,-14.856617675212624,-10.302707945994351,-7.5091403331711435,Sp0737+2313
-0.5,None,12.296667962259821,3.187786628583865,5.136163448814576,9.42249558668764,12.296667962259821,Sp0737-2526
-0.5,None,20.096119242063562,13.023720008487139,14.759598777549998,17.644034057634254,20.096119242063562,Sp0739-4926
-0.5,None,-3.551687107032204,-14.460807921331453,-11.192086613536906,-7.709037851087693,-3.551687107032204,Sp0740+1502
-0.5,None,9.812215690941109,-0.8785493717638759,2.2879870551553876,5.669442950761568,9.812215690941109,Sp0740-1724
-0.5,None,0.8472594883201141,-11.153495599446288,-6.973501012949781,-4.269158634171147,0.8472594883201141,Sp0741+0531
-0.5,None,-4.387652791228621,-15.681857157213349,-11.941839460157055,-8.992493971690712,-4.387652791228621,Sp0741+1738
-0.5,None,4.603657128768778,-6.934647102970679,-3.222253000195992,-0.08261086632797983,4.603657128768778,Sp0741-0359
-0.5,None,6.082738961985598,-5.790001999295918,-1.707216471440547,1.0160245480949541,6.082738961985598,Sp0741-0706
-0.5,None,14.664412517965104,3.399141036647921,7.648065823136664,9.445530144666696,14.664412517965104,Sp0743-2836
-0.5,None,20.81675871343977,11.588586525359581,15.329683104208286,16.276285760451742,20.81675871343977,Sp0745-4815
-0.5,None,-4.160998234867397,-17.76634648618644,-11.605876047978215,-11.13040716586014,-4.160998234867397,Sp0746+2000
-0.5,None,3.5401745730356615,-11.30126269167543,-4.298831334643011,-4.411233193285268,3.5401745730356615,Sp0748+0228
-0.5,None,-18.77017491303419,-27.234021681105283,-22.775040322613904,-23.62944787293292,-18.77017491303419,Sp0750+6131
-0.5,None,15.161164289052508,0.5074274220826568,7.939833253365597,6.6704917550366085,15.161164289052508,Sp0751-2530
-0.5,None,-1.3330067521891311,-17.66667060053373,-8.895914534676745,-10.913331576839989,-1.3330067521891311,Sp0752+1612
-0.5,None,2.1065137356393717,-15.216496701697912,-5.644823435754011,-8.345948288620566,2.1065137356393717,Sp0753+0854
-0.5,None,-0.9018462674527583,-17.99010824210173,-8.463671111919439,-11.22965349547994,-0.9018462674527583,Sp0754+1603
-0.5,None,15.55445622619587,-0.9991013690984181,8.244147367586088,5.210207773724541,15.55445622619587,Sp0755-2404
-0.5,None,19.9770360951209,4.401130324227101,13.415035402319905,9.889752090360965,19.9770360951209,Sp0757-3635
-0.5,None,12.110218326103283,-6.848601414960757,4.395264625886605,-0.22392031062357087,12.110218326103283,Sp0758-1252
-0.5,None,20.97128196016784,5.747687161973615,14.652720135612933,11.014379202744854,20.97128196016784,Sp0758-3945
-0.5,None,5.707813372274478,-14.25022051499036,-2.1143425060227403,-7.360948441800224,5.707813372274478,Sp0759+0323
-0.5,None,-15.514512259108066,-28.19094829133673,-20.214033717049457,-23.884863740913566,-15.514512259108066,Sp0800+5511
-0.5,None,-15.82460521903681,-28.38117879890136,-20.385783011526645,-24.20052274451654,-15.82460521903681,Sp0801+5624
-0.5,None,6.382399574347915,-14.867635736638222,-1.4371709259770262,-7.97949118646284,6.382399574347915,Sp0802+0319
-0.5,None,4.501976907148266,-17.275612170835096,-3.2359162695048846,-10.393958889367175,4.501976907148266,Sp0803+0827
-0.5,None,7.426747130718427,-14.668939842544564,-0.40422431788281293,-7.788783463454508,7.426747130718427,Sp0804+0151
-0.5,None,6.731871497470718,-15.374140751289692,-1.0833941885706286,-8.486094928700805,6.731871497470718,Sp0804+0330
-0.5,None,-17.387160657011282,-28.81763262533195,-21.29647918215601,-25.24292037687601,-17.387160657011282,Sp0804+6153
-0.5,None,6.7894588438631445,-16.084178354783507,-1.0141373686251403,-9.194528088963427,6.7894588438631445,Sp0805+0417
-0.5,None,-12.161453048489848,-28.378145627904225,-17.55386527806519,-23.380370317903168,-12.161453048489848,Sp0805+4812
-0.5,None,12.101852011452763,-10.428419492485657,4.29553110607459,-3.7123535901569356,12.101852011452763,Sp0805-0835
-0.5,None,20.11879029043358,0.8654582781365695,13.201779668791916,6.596564235064477,20.11879029043358,Sp0805-3158
-0.5,None,19.382428407393405,-0.9808706011365723,12.260598309151135,4.931991341255028,19.382428407393405,Sp0806-2839
-0.5,None,-5.144175659901504,-25.880234281678906,-11.827395312643189,-19.700604022966626,-5.144175659901504,Sp0807+3213
-0.5,None,20.28780922268856,-0.06378241181707686,13.295857187185202,5.712996547487276,20.28780922268856,Sp0807-3056
-0.5,None,-4.913220008604695,-25.937470948579097,-11.610488292237328,-19.74103820022934,-4.913220008604695,Sp0808+3157
-0.5,None,22.461964857771623,2.6766265969730565,15.899598259855546,8.036475483995122,22.461964857771623,Sp0809-3720
-0.5,None,8.24209707902483,-16.797604733713843,0.4343380285697666,-9.913013056561674,8.24209707902483,Sp0810+0324
-0.5,None,3.510528365954532,-21.162148264362912,-4.045613654548227,-14.336994892314369,3.510528365954532,Sp0810+1420
-0.5,None,23.50069638607521,4.500197952643799,17.25277231959524,9.579755589024899,23.50069638607521,Sp0810-4115
-0.5,None,1.508029291008159,-22.810961496835656,-5.87458786728398,-16.081275923929095,1.508029291008159,Sp0811+1855
-0.5,None,21.886941336800668,0.33496712534550865,15.033385012257217,5.93352051942038,21.886941336800668,Sp0811-3324
-0.5,None,19.440307902446555,-4.085968162510211,12.091287276188808,1.9944991468938484,19.440307902446555,Sp0812-2444
-0.5,None,25.95697635448314,9.520886597579342,20.80427189514912,13.670464913617632,25.95697635448314,Sp0813-5232
-0.5,None,23.15696676324918,1.1285808220793825,16.47517573581611,6.537636754554911,23.15696676324918,Sp0814-3602
-0.5,None,14.410103412250718,-12.529922603556553,6.592754125860626,-5.849058266652242,14.410103412250718,Sp0815-0843
-0.5,None,1.0197954003116387,-26.000982614682318,-6.104467127890644,-19.39279024307714,1.0197954003116387,Sp0818+2333
-0.5,None,4.209901715543466,-24.074390949447817,-3.212219300384382,-17.28225470059457,4.209901715543466,Sp0819+1658
-0.5,None,13.739094979708018,-15.198146510439084,5.893584682766214,-8.43588595679606,13.739094979708018,Sp0819-0450
-0.5,None,13.935345189529624,-15.08261234960404,6.090625936678284,-8.328640985534442,13.935345189529624,Sp0819-0511
-0.5,None,17.07616829041438,-10.83545075906081,9.33397490914688,-4.322682352464075,17.07616829041438,Sp0819-1345
-0.5,None,-8.50763938114501,-30.889441523430186,-14.044764181441344,-25.617474250594295,-8.50763938114501,Sp0821+4532
-0.5,None,7.984376638366904,-22.647336020527074,0.3575767970743416,-15.765737115254662,7.984376638366904,Sp0823+1034
-0.5,None,1.5713634760635538,-27.323598013783513,-5.475818364173351,-20.735621430439576,1.5713634760635538,Sp0823+2428
-0.5,None,-15.114858059510519,-31.097188329673603,-18.99223517988969,-27.46588384058755,-15.114858059510519,Sp0823+6125
-0.5,None,3.3902008247402273,-26.70998619829757,-3.8133965748971774,-20.01195373347923,3.3902008247402273,Sp0825+2115
-0.5,None,20.848138275974964,-8.895045286271351,13.273365874079413,-2.6830016247358683,20.848138275974964,Sp0825-2021
-0.5,None,24.064980204856564,-3.657623426874894,16.97741767702773,2.0064944733191497,24.064980204856564,Sp0826-3040
-0.5,None,-7.4183191993641175,-31.813753119364144,-12.961287879517522,-26.487713956431108,-7.4183191993641175,Sp0827+4502
-0.5,None,28.007047069892185,7.582299334366338,22.788271345249555,11.661228884994106,28.007047069892185,Sp0827-5216
-0.5,None,0.3796040694973852,-29.44668266948761,-6.38210329221979,-23.031281119989586,0.3796040694973852,Sp0828+2853
-0.5,None,18.995835324937012,-13.143505718892074,11.223182839331448,-6.653283709906062,18.995835324937012,Sp0828-1309
-0.5,None,19.710539627108314,-12.16573946051483,11.977462929849901,-5.748955102343521,19.710539627108314,Sp0828-1506
-0.5,None,7.145075258683893,-25.470053161061532,-0.3135493356988637,-18.627556644516687,7.145075258683893,Sp0829+1456
-0.5,None,1.6787402223125687,-29.24663377177946,-5.200735737471741,-22.732907610400407,1.6787402223125687,Sp0829+2646
-0.5,None,15.067792840983365,-18.376366146715853,7.226716417559172,-11.594415885736879,15.067792840983365,Sp0829-0238
-0.5,None,9.834954536631743,-23.88438243900428,2.2089049275103227,-16.995749302684796,9.834954536631743,Sp0830+0947
-0.5,None,14.47748792486,-19.361749621987975,6.649028131608737,-12.548439200428016,14.47748792486,Sp0830-0050
-0.5,None,9.845305694581702,-24.44741778836687,2.243421982782698,-17.560615512814245,9.845305694581702,Sp0831+1025
-0.5,None,23.810970564850862,-7.363764065211903,16.4305997204481,-1.4516168825159266,23.810970564850862,Sp0831-2535
-0.5,None,15.1499808991103,-19.473582687356632,7.318023378928432,-12.675296466459667,15.1499808991103,Sp0832-0128
-0.5,None,15.290562394406171,-19.524267321481215,7.458212994931889,-12.728835119140076,15.290562394406171,Sp0832-0134
-0.5,None,-2.709785021045717,-32.00362367646085,-8.867188431159093,-26.04897134710079,-2.709785021045717,Sp0833+3706
-0.5,None,29.073271683278797,6.684019921652083,23.84112890151409,10.710518680389953,29.073271683278797,Sp0833-5217
-0.5,None,29.099079743738724,7.427443888647436,24.01899152707436,11.341616349492158,29.099079743738724,Sp0833-5336
-0.5,None,10.57055232215982,-25.257814526701726,2.9838165888165515,-18.369855807382127,10.57055232215982,Sp0835+1029
-0.5,None,18.77366459339353,-17.048533682886614,10.934866229946685,-10.429227935516812,18.77366459339353,Sp0835-0819
-0.5,None,26.71259356671775,-4.332192856163758,19.72153918947175,1.1204558068571433,26.71259356671775,Sp0836-3250
-0.5,None,29.756442599391313,9.775826722649999,25.31931602232479,13.179803120915023,29.756442599391313,Sp0838-5856
-0.5,None,7.891412286265726,-29.202841987832755,0.6383637335429937,-22.403018548679263,7.891412286265726,Sp0840+1824
-0.5,None,-7.019764448509192,-34.24530558732656,-12.146509932607671,-29.21606456845631,-7.019764448509192,Sp0840+4827
-0.5,None,-12.160525725039394,-33.52669823139624,-16.189630588114035,-29.6469837212886,-12.160525725039394,Sp0840+5911
-0.5,None,-0.8509454267921004,-33.478686746587606,-7.014306138034738,-27.44329823021983,-0.8509454267921004,Sp0841+3611
-0.5,None,-12.258034074081404,-33.53961590876745,-16.249793071575372,-29.696873604836657,-12.258034074081404,Sp0841+5929
-0.5,None,12.38059144183692,-27.07999086915143,4.824142686078185,-20.189535933335627,12.38059144183692,Sp0843+1024
-0.5,None,15.19322672204131,-24.82807886116484,7.475211854262231,-17.96333919038949,15.19322672204131,Sp0844+0434
-0.5,None,27.527272911604012,-7.629344467003882,20.299136268173253,-2.0290769172423517,27.527272911604012,Sp0844-2924
-0.5,None,24.12760220264708,-15.849563356478397,16.365773397836694,-9.557331084346055,24.12760220264708,Sp0847-1532
-0.5,None,25.890568744329943,-13.440821387538596,18.250451022692353,-7.375951429232578,25.890568744329943,Sp0848-2019
-0.5,None,31.272554651032966,7.4602653232271,26.57749509630406,10.967687011863005,31.272554651032966,Sp0848-5656
-0.5,None,27.852464546670337,19.460115798522853,26.22962263282306,20.758490963924565,27.852464546670337,Sp0848-7853
-0.5,None,17.30442824124274,-24.96802722155363,9.551930300775542,-18.14002498025144,17.30442824124274,Sp0849+0220
-0.5,None,3.318025622860923,-34.73409028208265,-3.1078069553558416,-28.389288101415726,3.318025622860923,Sp0850+3126
-0.5,None,20.016474982902135,-22.617425184576128,12.186448865958942,-15.910655056137779,20.016474982902135,Sp0850-0318
-0.5,None,25.985289176186416,-14.278898041585164,18.312915723931514,-8.181268035881212,25.985289176186416,Sp0850-1924
-0.5,None,31.659464028161096,4.637982440861724,26.42101387205627,8.517315399953185,31.659464028161096,Sp0850-5227
-0.5,None,-19.54292707419756,-29.909307793197925,-21.292653094286365,-28.332090390915273,-19.54292707419756,Sp0851+7727
-0.5,None,6.6132120055885135,-33.8898606634197,-0.17089372896025473,-27.276446369766607,6.6132120055885135,Sp0852+2540
-0.5,None,20.874954933779172,-23.284272583704528,13.046749925531284,-16.594449610135012,20.874954933779172,Sp0853-0329
-0.5,None,28.432327786799398,-12.023935839408876,20.9432472713729,-6.236801989675227,28.432327786799398,Sp0853-2446
-0.5,None,22.886935615154712,-21.137779249687693,15.04053462519239,-14.592123683648962,22.886935615154712,Sp0854-0805
-0.5,None,28.96386976671577,-12.134645263442003,21.48773551634724,-6.387164546491828,28.96386976671577,Sp0855-2512
-0.5,None,-9.196689209246784,-36.060688602164895,-13.325140701063555,-31.969085027026868,-9.196689209246784,Sp0857+5708
-0.5,None,16.798983231226668,-29.5271871601369,9.225672437464924,-22.647073815279732,16.798983231226668,Sp0858+0758
-0.5,None,15.191063292751638,-31.249349566468403,7.759126707798316,-24.358434328835795,15.191063292751638,Sp0859+1145
-0.5,None,-12.4170775854792,-34.84944437696409,-15.821070283231373,-31.548641353468494,-12.4170775854792,Sp0859+6341
-0.5,None,10.181858997289455,-34.68009552130648,3.2351443865870064,-27.92535940928758,10.181858997289455,Sp0900+2150
-0.5,None,30.97491821008915,13.663461750099788,28.026248060623242,15.883075217874206,30.97491821008915,Sp0901-6940
-0.5,None,21.031427974442423,-27.077624659277042,13.27526484539977,-20.314730962959363,21.031427974442423,Sp0902+0033
-0.5,None,-15.227570761013384,-33.33246858953484,-17.919238846781433,-30.789983748817914,-15.227570761013384,Sp0902+6939
-0.5,None,18.942785320764525,-29.63931346877831,11.316656465516228,-22.78768720478744,18.942785320764525,Sp0903+0540
-0.5,None,-7.885799598659609,-37.251871416551005,-12.031587355043659,-33.08766709107505,-7.885799598659609,Sp0905+5623
-0.5,None,24.85174410842901,-24.66000588490836,17.013720761116822,-18.10738469816841,24.85174410842901,Sp0906-0611
-0.5,None,32.99965758385504,-9.034200025969028,25.956339500546335,-3.891652109781163,32.99965758385504,Sp0906-3332
-0.5,None,33.21154695900306,-8.24948401667167,26.258361866227315,-3.192772658796318,33.21154695900306,Sp0906-3449
-0.5,None,33.39825388597147,-7.680219894480707,26.51652035005093,-2.69173140291797,33.39825388597147,Sp0906-3548
-0.5,None,34.208306784098646,-3.2002039163654032,27.953749994911593,1.2624506180793704,34.208306784098646,Sp0907-4308
-0.5,None,18.544681077906468,-31.93032852191826,11.03601360967536,-25.053178717865737,18.544681077906468,Sp0908+0836
-0.5,None,15.428889026892357,-34.43767853801006,8.188640398337723,-27.556497948894986,15.428889026892357,Sp0908+1459
-0.5,None,-4.278018816569427,-38.61392186543865,-8.9749305916111,-33.80187552773457,-4.278018816569427,Sp0908+5032
-0.5,None,13.191258056065017,-36.188646231221725,6.196643335328887,-29.36833274229561,13.191258056065017,Sp0909+1940
-0.5,None,-16.848763643681497,-32.353921706358044,-18.967808281602533,-30.392720287380147,-16.848763643681497,Sp0911+7401
-0.5,None,11.173005346451795,-38.08121367618596,4.477234642325962,-31.380679162117676,11.173005346451795,Sp0912+2425
-0.5,None,26.96239898371459,-25.407967247299474,19.12094272188214,-18.94163274997821,26.96239898371459,Sp0913-0733
-0.5,None,33.150341667230705,10.029276142229074,29.5977097686717,12.595820062045425,33.150341667230705,Sp0914-6514
-0.5,None,13.374254710886245,-38.184730049255464,6.5425573278500595,-31.398167432911794,13.374254710886245,Sp0916+2139
-0.5,None,29.316216188969623,-24.142029456080355,21.47171796020159,-17.858713526351668,29.316216188969623,Sp0916-1121
-0.5,None,25.081590375204115,-30.813056744077144,17.366361186805403,-24.11540123677653,25.081590375204115,Sp0919+0016
-0.5,None,13.833566947597054,-38.94014208513319,7.042337616588767,-32.15464498011317,13.833566947597054,Sp0919+2154
-0.5,None,-8.414131132531471,-38.2608340366764,-12.027614120001356,-34.612894911304664,-8.414131132531471,Sp0921+6017
-0.5,None,33.470666898520555,-19.280983245708896,25.776583824101717,-13.526014452243146,33.470666898520555,Sp0921-2104
-0.5,None,29.577316927853257,-26.610225947429377,21.734278558547885,-20.254419396516525,29.577316927853257,Sp0922-0852
-0.5,None,28.869227711566054,18.911456368916852,27.493915853672725,19.9734669946837,28.869227711566054,Sp0922-8010
-0.5,None,13.560733911874651,-40.217476646495484,6.910162961843558,-33.4739939709914,13.560733911874651,Sp0923+2340
-0.5,None,34.39126804374281,-18.4225422393394,26.75586364987516,-12.7953407500366,34.39126804374281,Sp0923-2300
-0.5,None,35.51229593349399,-15.707734365519267,28.06387270918178,-10.351788724655087,35.51229593349399,Sp0923-2727
-0.5,None,33.68292292826511,10.340111370970636,30.397156954371656,12.68325205535063,33.68292292826511,Sp0924-6655
-0.5,None,17.746632922066496,-38.97386315236096,10.734126941567869,-32.097997988765705,17.746632922066496,Sp0925+1704
-0.5,None,10.297342078994285,-41.98321399903204,4.102138518996824,-35.497709422412605,10.297342078994285,Sp0925+3007
-0.5,None,-3.618531137148186,-40.8149825776936,-7.900770575231833,-36.33136948342418,-3.618531137148186,Sp0926+5309
-0.5,None,3.2029603652976886,-42.82933182093476,-2.0094933399332775,-37.23661369970609,3.2029603652976886,Sp0928+4230
-0.5,None,25.14117862522147,-35.84376551970272,17.634179315907367,-29.05307257396723,25.14117862522147,Sp0931+0528
-0.5,None,12.474886056939138,-42.83672286849434,6.189177903322973,-36.241262944620885,12.474886056939138,Sp0931+2802
-0.5,None,7.279027121866515,-43.59682162067704,1.625009975818881,-37.51375420975678,7.279027121866515,Sp0931+3638
-0.5,None,34.64071205837252,-23.489677612800648,26.841306383006028,-17.62086530580015,34.64071205837252,Sp0931-1717
-0.5,None,13.382948379820895,-43.01615460159554,7.04248150949216,-36.37321222223849,13.382948379820895,Sp0932+2659
-0.5,None,34.800378521462825,-24.718651600263488,26.980003152324894,-18.80528230067007,34.800378521462825,Sp0933-1602
-0.5,None,38.94049137665858,-6.263837170668779,32.733754277649226,-2.1331600422957884,38.94049137665858,Sp0933-4353_1
-0.5,None,38.94392803613984,-6.26665731413778,32.73713419654138,-2.136159718034363,38.94392803613984,Sp0933-4353_2
-0.5,None,38.183882031805176,-18.826770274733732,30.6417827587036,-13.536565215695386,38.183882031805176,Sp0936-2609
-0.5,None,39.322107540155436,-13.712136049871082,32.221512581382896,-8.914473096501714,39.322107540155436,Sp0936-3346
-0.5,None,38.87620485509855,-18.02394158744355,31.408240084991576,-12.857277663907391,38.87620485509855,Sp0938-2748
-0.5,None,12.865822222824109,-44.83230126281651,6.785727656028559,-38.30367544757186,12.865822222824109,Sp0939+2935
-0.5,None,6.466078361513224,-45.04785619183217,1.154623376969012,-39.220750301093666,6.466078361513224,Sp0939+3950
-0.5,None,10.95578238051765,-45.4984681571971,5.154197989659413,-39.17115246423687,10.95578238051765,Sp0941+3315
-0.5,None,17.107558415652907,-44.681827538422326,10.664456238713093,-37.91171076173399,17.107558415652907,Sp0942+2351
-0.5,None,39.81401368930543,-2.5333401112383567,34.402023819181295,0.9772537118008155,39.81401368930543,Sp0942-5047
-0.5,None,31.685036593179127,-34.55965421058643,23.97582427571301,-28.0752257978207,31.685036593179127,Sp0943-0229
-0.5,None,40.91055497808424,-11.341855924926586,34.18386787387978,-6.95160131441715,40.91055497808424,Sp0943-3833
-0.5,None,-9.668193357684048,-38.57773758678753,-12.539859386309967,-35.70663828529533,-9.668193357684048,Sp0944+6537
-0.5,None,40.56767742376149,-16.429652457810192,33.29312366458299,-11.56152145515735,40.56767742376149,Sp0944-3124
-0.5,None,30.19218350781821,-37.9674075951743,22.655228015092497,-31.320787863231285,30.19218350781821,Sp0947+0224
-0.5,None,9.443852924207196,-46.82895419278296,4.0197748052381925,-40.78074210317571,9.443852924207196,Sp0947+3710
-0.5,None,31.45842381770888,-36.4732866854024,23.824835475128587,-29.924237365741504,31.45842381770888,Sp0947-0020
-0.5,None,27.53392592056325,-40.99700358660777,20.24958923555365,-34.19508527985791,27.53392592056325,Sp0949+0806
-0.5,None,37.55324367214671,5.782806606032835,33.85939022349943,8.22576918010122,37.55324367214671,Sp0951-6317
-0.5,None,36.800998437021676,-32.033450828003716,28.973024472541944,-25.966666925795003,36.800998437021676,Sp0952-0955
-0.5,None,40.955476528446866,-26.89797563154558,33.1550868444915,-21.410516493990315,40.955476528446866,Sp0956-1910
-0.5,None,43.373250777174015,-13.31690316644511,36.60410290179043,-9.0616913471599,43.373250777174015,Sp0956-3811
-0.5,None,43.24226639662039,-10.155880386888114,36.90318357003842,-6.212917326188836,43.24226639662039,Sp0956-4234
-0.5,None,17.955499746160257,-48.29043127802264,11.851507961611121,-41.58728852349971,17.955499746160257,Sp0957+2627
-0.5,None,41.5402168156558,-2.0025829715109578,36.557513421765016,1.1062790454444535,41.5402168156558,Sp0958-5344
-0.5,None,22.560777119671208,-47.623517065599174,16.055694977136742,-40.75248611681253,22.560777119671208,Sp0959+2002
-0.5,None,38.545722670240785,-33.61983535059771,30.728666827601767,-27.624970728613473,38.545722670240785,Sp1000-0949
-0.5,None,19.229014059338738,-49.4412760932868,13.15758482133658,-42.710791061533286,19.229014059338738,Sp1002+2556
-0.5,None,-7.023176979481352,-41.147875480999026,-9.922658375321324,-38.165107668772926,-7.023176979481352,Sp1002+6349
-0.5,None,35.31122170712163,-39.42842955846468,27.7246235882806,-33.014196302138735,35.31122170712163,Sp1003-0105
-0.5,None,40.87963841963475,-32.22241445338085,33.035561527958734,-26.476072124484695,40.87963841963475,Sp1004-1318
-0.5,None,45.06703101888009,-17.892363300049777,37.90867351995215,-13.441806213457273,45.06703101888009,Sp1004-3335
-0.5,None,40.551069520567424,-33.16471592761861,32.71542077746713,-27.3505523798096,40.551069520567424,Sp1005-1202
-0.5,None,42.50301022145859,-30.15238863760901,34.664199792507176,-24.646025794827054,42.50301022145859,Sp1006-1653
-0.5,None,15.215500964225024,-51.33406869980876,9.780773308388712,-44.999029840985756,15.215500964225024,Sp1009+3324
-0.5,None,24.49333711983211,-50.35302395581957,18.147062251449146,-43.47634793885511,24.49333711983211,Sp1011+2019
-0.5,None,8.880815120040912,-50.531546225944865,4.209535873350926,-45.04074850333393,8.880815120040912,Sp1011+4245
-0.5,None,46.48670791568515,-21.005567672111564,39.12557676976642,-16.477793118992953,46.48670791568515,Sp1012-3049
-0.5,None,14.49440647025181,-52.13267362330043,9.269533709609325,-45.94559260268434,14.49440647025181,Sp1013+3520
-0.5,None,31.619116714108106,16.223859940259683,30.19968559146201,17.233687788246314,31.619116714108106,Sp1013-7842
-0.5,None,20.223130058127982,-52.75780611853154,14.477852855396208,-46.08880335325495,20.223130058127982,Sp1016+2751
-0.5,None,33.7096229179331,-46.82373303762206,26.61641650233369,-40.14401636829347,33.7096229179331,Sp1017+0719
-0.5,None,47.833606638782044,-23.23368521268505,40.36058550225721,-18.699430443505634,47.833606638782044,Sp1018-2909
-0.5,None,-13.429717302476607,-36.05461319394666,-15.146635247032755,-34.44861884871313,-13.429717302476607,Sp1019+7419
-0.5,None,47.70161686399884,-24.845242588382767,40.11920352786278,-20.182093487810917,47.70161686399884,Sp1019-2707
-0.5,None,4.112229723904126,-49.561928699920735,0.26187669464890245,-45.09309927601017,4.112229723904126,Sp1021+5055
-0.5,None,46.98302674281117,-29.932108602599374,39.18109748931076,-24.880655029850626,46.98302674281117,Sp1021-2044
-0.5,None,37.6893409071143,-45.04976922505241,30.353548938414228,-38.6290570904606,37.6893409071143,Sp1022+0200
-0.5,None,11.412313521263728,-52.913450247267335,6.779335595744166,-47.30156807939349,11.412313521263728,Sp1022+4114
-0.5,None,-1.4009701972579458,-46.10895647200818,-4.586728466022424,-42.61079862891926,-1.4009701972579458,Sp1022+5825
-0.5,None,36.558718712019775,-47.48373121460367,29.422078242455605,-40.93484146116748,36.558718712019775,Sp1025+0512
-0.5,None,30.202859664717696,-53.23860608909577,23.825116024252132,-46.36144773186595,30.202859664717696,Sp1029+1626
-0.5,None,23.78612156430237,-55.47033481622143,18.081793626542414,-48.6992302974409,23.78612156430237,Sp1029+2546
-0.5,None,46.150153405857694,-5.046733082796364,41.339368532543034,-2.332086734238121,46.150153405857694,Sp1031-5338
-0.5,None,38.04692306561062,-48.826173041098464,30.966140005065604,-42.333960430048265,38.04692306561062,Sp1032+0501
-0.5,None,13.308177455107291,-55.03394049239408,8.773954970247086,-49.38073318461754,13.308177455107291,Sp1032+4027
-0.5,None,49.808168347171794,-14.587380983148819,43.48968746512395,-11.122924846431074,49.808168347171794,Sp1032-4208
-0.5,None,46.592919186498406,-5.73529736687981,41.68968190344546,-2.987939613167265,46.592919186498406,Sp1032-5255
-0.5,None,33.16514872784457,-52.86477899223582,26.608928078963448,-46.06031028832625,33.16514872784457,Sp1033+1303
-0.5,None,25.130096643792,-56.65656842581236,19.467166883503552,-49.85723830951982,25.130096643792,Sp1035+2507
-0.5,None,50.17150824301518,-31.880614887222254,42.35862991981957,-27.066401127168564,50.17150824301518,Sp1035-2058
-0.5,None,48.7118565866258,-9.846194617761999,43.18677863520795,-6.832965150213019,48.7118565866258,Sp1035-4816
-0.5,None,29.350482083164167,-55.670021514816746,23.278996411412944,-48.778526468135325,29.350482083164167,Sp1036+1923
-0.5,None,51.721236114693276,-21.207128898448477,44.63672603096622,-17.33013742086486,51.721236114693276,Sp1036-3441
-0.5,None,50.03239610207109,-13.016140404402677,44.03475409030272,-9.784693178406824,50.03239610207109,Sp1036-4437
-0.5,None,21.71002481304203,-57.41456766043908,16.46022090699799,-50.8554051931822,21.71002481304203,Sp1037+3011
-0.5,None,32.88060759737829,-55.15421481657149,26.56491618450554,-48.312583157073256,32.88060759737829,Sp1039+1512
-0.5,None,43.18607646967161,-46.5488427003143,35.81561538806024,-40.489944217332166,43.18607646967161,Sp1039-0121
-0.5,None,44.859503705845135,-45.74748951346905,37.406226867281035,-39.855349646925966,44.859503705845135,Sp1042-0323
-0.5,None,52.48475075662775,-30.36590186029411,44.74728533393915,-25.901785046211298,52.48475075662775,Sp1042-2416
-0.5,None,47.86812268319353,-41.87401030189649,40.17444814959167,-36.38700648930668,47.86812268319353,Sp1043-0912
-0.5,None,43.98793286978157,0.41289921263537244,40.37612952660982,2.470671502667501,43.98793286978157,Sp1044-6112
-0.5,None,44.672895558470955,-47.36164147028201,37.32474167830205,-41.4072474433063,44.672895558470955,Sp1045-0149
-0.5,None,53.321773877430715,-29.226486473134695,45.653416852577315,-24.933841230179056,53.321773877430715,Sp1045-2607
-0.5,None,11.572526877253589,-55.96010258362403,7.584462981710004,-50.90006595380503,11.572526877253589,Sp1046+4441
-0.5,None,51.41624820235957,-37.43933540088015,43.5785985696916,-32.4914240765806,51.41624820235957,Sp1046-1602
-0.5,None,46.54455313025487,-3.3893294587792995,42.34699005170517,-1.091442732448358,46.54455313025487,Sp1046-5658
-0.5,None,-13.713829663575956,-35.89468396860025,-15.07142430012439,-34.66275675523423,-13.713829663575956,Sp1047+7613
-0.5,None,52.23668905672135,-35.79508675280739,44.38995971787817,-31.01176308024222,52.23668905672135,Sp1047-1815
-0.5,None,43.61525150873671,-49.9386109403645,36.47409525733701,-43.82561359699798,43.61525150873671,Sp1048+0111
-0.5,None,49.93303765366458,-41.193782962382386,42.19044044574269,-35.940084161580806,49.93303765366458,Sp1048-1120
-0.5,None,52.736520556944434,-35.00051330743099,44.89420462573407,-30.311656402911147,52.736520556944434,Sp1048-1925
-0.5,None,53.22588416159502,-18.098881200899466,46.70263990542756,-14.753698468193821,53.22588416159502,Sp1048-3956
-0.5,None,48.74572462180169,-7.012469660429128,43.972407528722066,-4.480749722782526,48.74572462180169,Sp1048-5254
-0.5,None,48.65711729752094,-6.716210488263936,43.95131527222729,-4.221414892154593,48.65711729752094,Sp1049-5319
-0.5,None,8.424026942393862,-54.52282195658287,4.847663533297088,-50.09190520225833,8.424026942393862,Sp1050+4907
-0.5,None,52.15608322232226,-13.75823235838619,46.32408523275557,-10.787069996397788,52.15608322232226,Sp1050-4517
-0.5,None,2.7117844949712806,-50.52061869299543,-0.29787177322095726,-47.0419102193714,2.7117844949712806,Sp1051+5613
-0.5,None,51.034698040426825,-10.89806426398287,45.68474778003711,-8.152937414681393,51.034698040426825,Sp1051-4841
-0.5,None,55.30670683839281,-23.147130621616217,48.24247901438198,-19.586461922597152,55.30670683839281,Sp1054-3445
-0.5,None,48.72457329313095,-6.045836740561195,44.24726059984389,-3.6978186243813145,48.72457329313095,Sp1054-5431
-0.5,None,40.56535861091618,-55.429368588892096,33.98192932861656,-48.95562875347592,40.56535861091618,Sp1055+0808
-0.5,None,36.60904461010952,10.901341159645646,34.81144206074875,12.031099207336883,36.60904461010952,Sp1055-7356
-0.5,None,41.45096656537592,-54.95296124950471,34.79637477588568,-48.55304236927451,41.45096656537592,Sp1056+0700
-0.5,None,54.02061560669481,-39.39393869132248,46.198420251695914,-34.655381536282775,54.02061560669481,Sp1058-1548
-0.5,None,55.79668021994113,-35.15673820163752,47.965583193693426,-30.817045145034196,55.79668021994113,Sp1059-2113
-0.5,None,8.625621381495408,-55.369731818791635,5.264762855004753,-51.1691848736525,8.625621381495408,Sp1100+4957
-0.5,None,-3.9890996369506087,-45.16792649627412,-6.165947970189901,-42.901637925336395,-3.9890996369506087,Sp1101+6508
-0.5,None,33.35737294705069,-62.15222167289948,27.81028597495578,-55.26513213534971,33.35737294705069,Sp1104+1959
-0.5,None,43.99943549514199,1.8923998270548414,41.02625906342808,3.5337411673282495,43.99943549514199,Sp1104-6412
-0.5,None,14.506350792429126,-59.561073047293426,10.75639316363518,-54.53359614046537,14.506350792429126,Sp1105+4331
-0.5,None,44.96654980225239,-55.41697913581554,38.27168690750943,-49.30067275149024,44.96654980225239,Sp1106+0428
-0.5,None,6.606564185218302,-54.26566987390939,3.5698996904083753,-50.56507509609049,6.606564185218302,Sp1106+5259
-0.5,None,37.273270417408824,-61.768830565337566,31.486515742708384,-54.99144729421203,37.273270417408824,Sp1108+1545
-0.5,None,56.805610876353875,-41.928373007478264,49.026396279365976,-37.42415378600694,56.805610876353875,Sp1112-1502
-0.5,None,13.841204162322885,-59.96336888971012,10.372387592095802,-55.2920347718767,13.841204162322885,Sp1114+4516
-0.5,None,27.671781939926504,-65.67188719540842,23.04476042896156,-59.03897879539838,27.671781939926504,Sp1115+2902
-0.5,None,59.91172084534123,-34.307373627791776,52.14119325221731,-30.525430563017903,59.91172084534123,Sp1115-2429
-0.5,None,42.433301137486815,4.417528008414948,40.022428964607464,5.756325096544028,42.433301137486815,Sp1115-6731
-0.5,None,44.6412806468188,-60.42994925946032,38.48213676557957,-54.19834214659532,44.6412806468188,Sp1119+0820
-0.5,None,13.094439396378492,-59.89914686332065,9.826188489339307,-55.518841791660115,13.094439396378492,Sp1119+4641
-0.5,None,58.168641907002,-44.719712991985816,50.48974919569149,-40.30238844800175,58.168641907002,Sp1121-1313
-0.5,None,48.366017160169555,-57.90201593220495,41.87215816063181,-52.094044322253474,48.366017160169555,Sp1122+0343
-0.5,None,20.97658060812159,-64.98776653056794,17.15461984244994,-59.36552389259105,20.97658060812159,Sp1122+3755
-0.5,None,58.857485200211215,-43.71576130109251,51.127829570834386,-39.411466114223856,58.857485200211215,Sp1122-1431
-0.5,None,59.768551234617185,-21.8208245263143,53.345470977514665,-19.07712865549399,59.768551234617185,Sp1122-3916
-0.5,None,44.359438416344176,2.336037012736199,41.778832568000915,3.707560631344602,44.359438416344176,Sp1122-6533
-0.5,None,54.342275443553795,-51.51407372363507,47.16610627845354,-46.494584365689256,54.342275443553795,Sp1123-0509
-0.5,None,20.935632828490565,-65.1456298992603,17.15647629152782,-59.56673124172346,20.935632828490565,Sp1124+3808
-0.5,None,59.00030858160179,-19.282869143081165,53.02032109403048,-16.73943401912787,59.00030858160179,Sp1124-4213
-0.5,None,62.60475949304107,-33.17134966434545,54.94146976790807,-29.814088541669438,62.60475949304107,Sp1126-2706
-0.5,None,-1.4136255544321132,-47.93035745894922,-3.38647204277388,-45.85392169854452,-1.4136255544321132,Sp1127+6346
-0.5,None,50.85075109631373,-57.510824680981706,44.29553395035389,-52.00253470498579,50.85075109631373,Sp1128+0141
-0.5,None,61.10571819467949,-42.044842995482796,53.303756803092874,-38.0773449933413,61.10571819467949,Sp1128-1715
-0.5,None,12.090583394116818,-59.849095204151006,9.159460794824271,-55.96694520267478,12.090583394116818,Sp1130+4848
-0.5,None,50.48881895397087,-5.007987741075855,46.99144535961558,-3.352365303785091,50.48881895397087,Sp1130-5759
-0.5,None,45.55343156380291,1.2660499876039681,42.987596853084746,2.5787057910159197,45.55343156380291,Sp1131-6446
-0.5,None,45.052599989135764,-64.49469358035493,39.37826367053284,-58.25629996187776,45.052599989135764,Sp1133+1039
-0.5,None,52.98299553534427,-57.64314894258789,46.441350511563215,-52.41439231900153,52.98299553534427,Sp1134+0022
-0.5,None,54.799580926024454,-55.388121464788135,48.00560215757135,-50.40598175312355,54.799580926024454,Sp1134-0224
-0.5,None,58.65161300138108,-51.15174941807286,51.42900072587672,-46.707349606043394,58.65161300138108,Sp1136-0755
-0.5,None,62.350924891827624,-45.60857761772535,54.6933865967978,-41.723693575798556,62.350924891827624,Sp1138-1432
-0.5,None,65.27903762208032,-32.842285709532916,57.71956003714034,-29.877345940554708,65.27903762208032,Sp1138-2842
-0.5,None,56.2787117633709,-55.53225603783099,49.508054603347254,-50.76042495720869,56.2787117633709,Sp1139-0310
-0.5,None,65.58064466015523,-38.768262786119564,57.74051808830703,-35.514362165278186,65.58064466015523,Sp1141-2232
-0.5,None,51.690799728261986,-62.02002485664762,45.69388388199322,-56.63750560224589,51.690799728261986,Sp1143+0413
-0.5,None,2.1767977648879424,-51.54955318939843,0.23360695322617653,-49.43279042151369,2.1767977648879424,Sp1144+6043
-0.5,None,61.78575904625833,-19.82932568899822,56.190431962635664,-17.720870242121478,61.78575904625833,Sp1144-4302
-0.5,None,65.9912298741771,-41.130901093668776,58.1523520954167,-37.84787168222414,65.9912298741771,Sp1145-2021
-0.5,None,26.20551017264855,-70.70832955184999,22.67192997038737,-64.84246579920782,26.20551017264855,Sp1146+3431
-0.5,None,54.734658065597145,-9.17707164421355,51.019603827612755,-7.619581220303964,54.734658065597145,Sp1147-5424
-0.5,None,67.55054740359233,-36.42673525675235,59.799248871358905,-33.55732191948446,67.55054740359233,Sp1148-2544
-0.5,None,64.12574827484846,-22.8398735549694,58.139299941163735,-20.716460791657433,64.12574827484846,Sp1149-4012
-0.5,None,67.84458713891881,-33.661427384251425,60.30346166979142,-31.006043109654794,67.84458713891881,Sp1150-2850
-0.5,None,67.2815500941655,-30.95921103315056,60.029512282165335,-28.43362496201252,67.2815500941655,Sp1150-3139
-0.5,None,35.70421308860225,-74.05593783384879,31.65496287762149,-67.18161608681464,35.70421308860225,Sp1152+2438
-0.5,None,-9.959732761647048,-39.659414114447756,-10.994402032352237,-38.76994829340317,-9.959732761647048,Sp1152+7412
-0.5,None,51.02134817778946,-65.75033919862622,45.547462196372294,-60.33235497395318,51.02134817778946,Sp1153+0659
-0.5,None,55.42001351627446,-61.56487794848401,49.438561714984445,-56.77700109299153,55.42001351627446,Sp1154+0135
-0.5,None,52.12712938725907,-65.30554011808013,46.61579398009925,-60.065548753765896,52.12712938725907,Sp1155+0559
-0.5,None,68.7399107238172,-40.08883935783595,60.89378368535511,-37.224465035044496,68.7399107238172,Sp1155-2224
-0.5,None,66.43344425198029,-25.806358813244245,60.06781109913061,-23.691821196140076,66.43344425198029,Sp1155-3727
-0.5,None,59.97947780915029,-15.069449328083376,55.59976462705635,-13.465848301977863,59.97947780915029,Sp1157-4844
-0.5,None,45.787204033874524,-71.3429626520662,41.06589262577575,-65.18870329787546,45.787204033874524,Sp1158+1354
-0.5,None,22.30948007883061,-69.7140051726091,19.409308058334236,-65.03438293630064,22.30948007883061,Sp1158+3953
-0.5,None,68.62731565055064,-43.549380999860524,60.84686486641488,-40.58505326723488,68.62731565055064,Sp1158-1900
-0.5,None,69.60827155834903,-37.10849986882716,61.8520160518804,-34.495060612098,69.60827155834903,Sp1158-2545
-0.5,None,56.71716241246887,-61.713373521674434,50.807708354862335,-57.167914582187535,56.71716241246887,Sp1159+0057
-0.5,None,39.630209592571546,-75.05559058591105,35.52694752858772,-68.22894519264987,39.630209592571546,Sp1159+2105
-0.5,None,57.13265081514929,-11.230293464507952,53.42858766677171,-9.8097201513649,57.13265081514929,Sp1159-5247
-0.5,None,39.930517104123204,-75.09899821448685,35.823788189964915,-68.28907146732416,39.930517104123204,Sp1200+2048
-0.5,None,29.055027180932395,-74.26384785679889,25.78663898866597,-68.30967018487368,29.055027180932395,Sp1201+3248
-0.5,None,21.687855126975137,-69.48474043707877,18.910531498393283,-65.05351595801801,21.687855126975137,Sp1201+4046
-0.5,None,66.16364003380855,-50.112650139260566,58.89648711136486,-46.794224467190126,66.16364003380855,Sp1201-1213
-0.5,None,70.37795479712108,-35.57933454997038,62.744164148446124,-33.164515399466815,70.37795479712108,Sp1201-2737
-0.5,None,70.19105375081128,-33.7579973866923,62.73893453262768,-31.441151523799316,70.19105375081128,Sp1201-2932
-0.5,None,20.557069150734026,-68.67370966286468,17.883870290414684,-64.51626024826265,20.557069150734026,Sp1202+4204
-0.5,None,62.69090498966286,-55.46387662443985,56.04590654159713,-51.72798743502512,62.69090498966286,Sp1202-0629
-0.5,None,57.93185931799517,-61.660973453962285,52.07286991286652,-57.34880545007383,57.93185931799517,Sp1203+0015
-0.5,None,29.871677334557525,-75.16522480634497,26.65626352638623,-69.15437196029656,29.871677334557525,Sp1204+3212
-0.5,None,71.23777395957264,-35.50357534787354,63.63689482766009,-33.21997116041299,71.23777395957264,Sp1205-2758
-0.5,None,67.18938874500148,-24.303873875129376,61.392216441379254,-22.539705400488792,67.18938874500148,Sp1206-3937
-0.5,None,66.73193997154463,-23.64110977307529,61.04911723236673,-21.892055823503338,66.73193997154463,Sp1206-4017
-0.5,None,-10.692649971127615,-38.88751970723609,-11.537969910173244,-38.20587378368886,-10.692649971127615,Sp1207+7521
-0.5,None,-11.575540962256467,-37.99248793247283,-12.370919199743684,-37.36067756840565,-11.575540962256467,Sp1207+7617
-0.5,None,67.34664073984999,-24.410693751724292,61.54998182051731,-22.660467696756193,67.34664073984999,Sp1207-3932
-0.5,None,54.22907885612729,-67.0247135271039,49.1071273188773,-62.29566241179134,54.22907885612729,Sp1209+0542
-0.5,None,49.73832595292621,-71.45150096069248,45.14964614027886,-66.02231873000734,49.73832595292621,Sp1210+1100
-0.5,None,55.86618213367818,-65.92949503506541,50.65398817660141,-61.48708200017491,55.86618213367818,Sp1211+0406
-0.5,None,68.67984911428701,-50.1651636019821,61.479216858374535,-47.26847090482877,68.67984911428701,Sp1211-1304
-0.5,None,24.1192095711419,-72.31077890907586,21.53008374405136,-67.91978789167578,24.1192095711419,Sp1213+3900
-0.5,None,63.097145642091476,-58.29178920618102,56.95874235126825,-54.80683751864477,63.097145642091476,Sp1213-0432
-0.5,None,59.19765615725896,-63.529016362739306,53.78718563958522,-59.6503430344344,59.19765615725896,Sp1215+0050
-0.5,None,6.942217728648005,-56.51260984917396,5.312616157408782,-54.741397732456356,6.942217728648005,Sp1216+5709
-0.5,None,59.62967839682741,-63.459332462404845,54.247253958162545,-59.680289937607725,59.62967839682741,Sp1217+0035
-0.5,None,65.0402682259189,-57.591609988844176,58.92390228801473,-54.46724963698895,65.0402682259189,Sp1218-0550
-0.5,None,30.01464403009831,-77.3711198004919,27.294645279625374,-71.92522472141407,30.01464403009831,Sp1220+3315
-0.5,None,58.1264032848984,-66.02238166708153,53.1539629482292,-62.172699757518956,58.1264032848984,Sp1221+0257
-0.5,None,52.75976743180143,-71.31736832602847,48.36886270476614,-66.64548222748363,52.75976743180143,Sp1221+0857
-0.5,None,64.86338742357728,-18.817576077913383,60.61740849099523,-17.593886972944752,64.86338742357728,Sp1221-4548
-0.5,None,68.19791207885598,-54.95058455116726,61.8114713093646,-52.2661016050342,68.19791207885598,Sp1223-0858
-0.5,None,75.21827309376036,-36.453996316662305,67.65147414147036,-34.70712131969958,75.21827309376036,Sp1223-2757
-0.5,None,70.92666278943727,-51.46888250195337,64.04719028692004,-49.05304206986452,70.92666278943727,Sp1224-1238
-0.5,None,71.99031698915707,-50.15838939363316,64.93592786449477,-47.85807841215221,71.99031698915707,Sp1225-1402
-0.5,None,76.41747547862835,-40.27246051349124,68.58253252323371,-38.52872477177545,76.41747547862835,Sp1228-2415
-0.5,None,54.633550396985946,-71.35843612457343,50.488635580524836,-67.31191509367127,54.633550396985946,Sp1229+0752
-0.5,None,38.23771501195765,-83.04772837583324,35.462097923852205,-76.20036843036813,38.23771501195765,Sp1232+2528
-0.5,None,70.24088974413948,-54.58767165614575,64.00783500835014,-52.32936485596386,70.24088974413948,Sp1232-0951
-0.5,None,44.7817674743059,3.8566322753828866,43.559044846764344,4.344203652223563,44.7817674743059,Sp1232-6856
-0.5,None,62.05152131707201,-14.617923726036146,58.90695786934707,-13.736615532840931,62.05152131707201,Sp1233-5020
-0.5,None,50.05756060274533,-76.82558571164721,46.59667912780521,-72.16833946480754,50.05756060274533,Sp1235+1318
-0.5,None,42.70598571622024,-83.0182470499452,39.83977996477388,-76.55160371923303,42.70598571622024,Sp1237+2107
-0.5,None,59.00360668150252,-68.68885263207285,54.947585723232464,-65.73965246567586,59.00360668150252,Sp1239+0410
-0.5,None,9.554940433349756,-59.18038765026068,8.264700879293468,-57.91192019174584,9.554940433349756,Sp1239+5515
-0.5,None,78.81470125044095,-37.97220089782512,71.17662616087324,-36.68633731913182,78.81470125044095,Sp1239-2658
-0.5,None,40.972887475747534,7.912526352330453,40.13275557817361,8.245036712330421,40.972887475747534,Sp1239-7304
-0.5,None,77.44745070911029,-33.14148576838028,70.80053850134463,-32.05492292191226,77.44745070911029,Sp1241-3152
-0.5,None,56.249741879772635,-7.80118577197127,54.33425744937828,-7.271573750532604,56.249741879772635,Sp1245-5721
-0.5,None,56.778281811147046,-71.90620657164641,53.30341928761441,-69.06615907985847,56.778281811147046,Sp1246+0706
-0.5,None,32.83512763079488,-82.10698826574824,30.847476904857334,-77.58589271305878,32.83512763079488,Sp1246+3148
-0.5,None,24.331181390596225,-73.9328158766417,22.679019612997656,-71.52109300425157,24.331181390596225,Sp1246+4027
-0.5,None,78.37805145420892,-33.45219935372506,71.79513279244715,-32.49633759151954,78.37805145420892,Sp1246-3139
-0.5,None,25.827360507369363,-75.4202666229523,24.14390390123358,-72.81897588338326,25.827360507369363,Sp1247+3857
-0.5,None,12.114455700641317,-61.70846430282077,10.945970285667128,-60.6362423350385,12.114455700641317,Sp1249+5255
-0.5,None,81.10832233996018,-38.84462229881185,73.41593386158442,-37.869336304286215,81.10832233996018,Sp1249-2617
-0.5,None,65.5349358308738,-63.245441875698965,61.34524551591544,-61.44244080157912,65.5349358308738,Sp1250-0149
-0.5,None,80.87843547967304,-43.80096296666106,73.20679587613903,-42.76143440969807,80.87843547967304,Sp1250-2121
-0.5,None,18.67092008968323,-68.28679190448867,17.341327907770747,-66.84423022837169,18.67092008968323,Sp1251+4620
-0.5,None,73.76997144802672,-26.41996082941643,69.28807473940786,-25.733277955376398,73.76997144802672,Sp1251-3846
-0.5,None,61.28627650419854,-67.97077501401017,57.74373903377979,-66.00337375312219,61.28627650419854,Sp1252+0252
-0.5,None,79.25459752559804,-33.36555405745709,72.91007791932951,-32.58799378991891,79.25459752559804,Sp1252-3149
-0.5,None,24.421359682226484,-74.04889834454612,22.94683609983094,-72.09398741852243,24.421359682226484,Sp1253+4034
-0.5,None,56.74074783245999,-8.062087115417626,55.03799503676963,-7.6577263303780665,56.74074783245999,Sp1253-5709
-0.5,None,65.52475759754893,-63.79727045370269,61.66955425793566,-62.26658663194528,65.52475759754893,Sp1254-0122
-0.5,None,54.556358025931885,-5.758244548484939,53.100640990546324,-5.4128129836692365,54.556358025931885,Sp1255-5928
-0.5,None,76.194151916427,-52.255166277205134,70.49656894802449,-51.21770438886662,76.194151916427,Sp1256-1257
-0.5,None,74.63443444748694,-26.85653004270661,70.35750553582513,-26.304685351747306,74.63443444748694,Sp1256-3822
-0.5,None,69.99295094709447,-21.63339164492596,66.90349120319665,-21.19452329804192,69.99295094709447,Sp1259-4336
-0.5,None,45.77925207426656,-84.43714251636999,43.75362121304766,-80.63846892115636,45.77925207426656,Sp1300+1912
-0.5,None,34.43884018056186,-84.06534320694382,32.842909769865265,-80.58028738880046,34.43884018056186,Sp1300+3038
-0.5,None,78.82961985290983,-50.07477669160202,72.97244828732528,-49.35370948219015,78.82961985290983,Sp1301-1510
-0.5,None,-18.1470655784508,-31.139925315142467,-18.318688931975377,-31.080902608204603,-18.1470655784508,Sp1304+8336
-0.5,None,45.57352670344433,-84.79748523507294,43.77420573332633,-81.77293314785648,45.57352670344433,Sp1305+1934
-0.5,None,44.38988993889032,-85.9795892219491,42.641905765740766,-82.50166274145609,44.38988993889032,Sp1305+2046
-0.5,None,26.943390558803916,-76.38670164331947,25.771738029582824,-75.24339276439731,26.943390558803916,Sp1306+3820
-0.5,None,56.84891532902131,-7.790363227356478,55.6182758261618,-7.626597534099455,56.84891532902131,Sp1307-5726
-0.5,None,57.70660949954243,-72.63215263091108,55.43562448736596,-71.69368900436123,57.70660949954243,Sp1308+0725
-0.5,None,12.722770912499634,-62.069130142366184,11.942650866982607,-61.70455989310402,12.722770912499634,Sp1308+5239
-0.5,None,85.61444583651539,-41.71264536214793,77.81274975624592,-41.39579466658597,85.61444583651539,Sp1309-2330
-0.5,None,59.6640201769356,-10.584420919548993,58.31536954912586,-10.443937855077502,59.6640201769356,Sp1309-5438
-0.5,None,28.880287836090947,-78.10778195978543,27.824931552343912,-77.37200390634399,28.880287836090947,Sp1311+3629
-0.5,None,21.9196459301871,-71.19285065118869,21.017201716406728,-70.75709181944627,21.9196459301871,Sp1311+4328
-0.5,None,47.80141863389655,-82.44614644858105,46.21965459417241,-81.2771781362679,47.80141863389655,Sp1312+1731
-0.5,None,56.54884407506447,-7.38644571209996,55.4911718849595,-7.301220058590009,56.54884407506447,Sp1312-5750
-0.5,None,-0.9221480262319949,-48.33050022050657,-1.3533661320578076,-48.25746760547226,-0.9221480262319949,Sp1314+6622
-0.5,None,81.69349494733082,-32.97158427949294,76.8481355844246,-32.85319854456291,81.69349494733082,Sp1314-3212
-0.5,None,32.877433602517655,-81.75461101787316,31.847430853372025,-81.26802839928729,32.877433602517655,Sp1315+3232
-0.5,None,86.335402095647,-38.32723825069267,79.150297831327,-38.24370147756707,86.335402095647,Sp1315-2649
-0.5,None,46.58971914797357,-83.21515750530068,45.27494618167688,-82.9994111112463,46.58971914797357,Sp1317+1849
-0.5,None,16.893805495595263,-66.01493629225689,16.2300835728084,-65.9795731398759,16.893805495595263,Sp1317+4833
-0.5,None,-7.893761640185587,-41.33064000711272,-8.169435603573932,-41.32633263209684,-7.893761640185587,Sp1318+7322
-0.5,None,44.56281642128424,-84.49828795590014,43.42991122446135,-85.07028829998546,44.56281642128424,Sp1319+2053
-0.5,None,61.28842434935221,-68.9616531283013,59.58329836628336,-69.18674167390573,61.28842434935221,Sp1320+0409
-0.5,None,55.48355005411956,-74.62443798206957,54.039703534075564,-74.91966313155694,55.48355005411956,Sp1320+0957
-0.5,None,22.832124971329115,-71.74675750240431,22.149316866631906,-71.91090713276425,22.832124971329115,Sp1320+4238
-0.5,None,75.13202501000582,-25.84347779858207,72.74065822019372,-25.90287729527147,75.13202501000582,Sp1320-3916
-0.5,None,72.83390397934214,-57.523379295879764,70.27498447378095,-57.71627902970133,72.83390397934214,Sp1321-0724
-0.5,None,26.43405822059299,-75.12930248126894,25.74637994758091,-75.51080727982362,26.43405822059299,Sp1322+3902
-0.5,None,35.240837989822616,-82.81000681661419,34.46085096131133,-84.11513345717825,35.240837989822616,Sp1323+3014
-0.5,None,60.20221964998957,-69.81604839183238,58.84317701266183,-70.4433338252445,60.20221964998957,Sp1325+0517
-0.5,None,86.98296341549828,-37.45047978451376,81.33183935205,-37.73234879544781,86.98296341549828,Sp1326-2729
-0.5,None,78.25174876755518,-28.755221436459404,75.9122580413605,-28.98658886164119,78.25174876755518,Sp1326-3614
-0.5,None,63.66769036436414,-66.32235990264884,62.31996558468622,-67.04056923015793,63.66769036436414,Sp1327+0149
-0.5,None,78.67949705338698,-29.13977579848751,76.43925909716505,-29.416934711767492,78.67949705338698,Sp1327-3549
-0.5,None,72.71240412175769,-23.185809324189997,71.37302953297252,-23.45718023972007,72.71240412175769,Sp1329-4147
-0.5,None,45.51748837913833,-82.01828638050722,44.83875091692125,-85.18911416484966,45.51748837913833,Sp1330+1958
-0.5,None,30.04456812949932,-77.7829865863377,29.553987036974046,-79.27627871380334,30.04456812949932,Sp1330+3526
-0.5,None,70.37930139405081,-59.63661832904535,68.87585905777584,-60.35547601409684,70.37930139405081,Sp1330-0453
-0.5,None,31.353880358418113,-78.74366276780779,30.89020370074954,-80.60096686838466,31.353880358418113,Sp1331+3407
-0.5,None,66.75855673402651,-63.044987821398394,65.60710339457276,-63.97240696607223,66.75855673402651,Sp1331-0116
-0.5,None,49.27674120879672,0.1446633431482578,48.98591312522583,-0.031220979587636862,49.27674120879672,Sp1331-6513
-0.5,None,60.04833413951682,-69.38194940841747,59.202524543317544,-70.67958636660022,60.04833413951682,Sp1332+0525
-0.5,None,49.77493123421402,-78.62639378206647,49.11195430018058,-80.95983607430136,49.77493123421402,Sp1332+1542
-0.5,None,22.80875182244557,-71.04691490286064,22.459406098816725,-72.06630915124833,22.80875182244557,Sp1332+4240
-0.5,None,70.15523193210078,-59.703313912892625,68.88910798927958,-60.567634864617105,70.15523193210078,Sp1332-0441
-0.5,None,67.72008266318072,-61.967611817940046,66.69187587665967,-62.988449017913496,67.72008266318072,Sp1333-0216
-0.5,None,51.524487558351744,-2.0612272166856216,51.262431172143025,-2.2899570201478525,51.524487558351744,Sp1334-6257
-0.5,None,27.736402349175453,-75.17142738286084,27.464045727379787,-76.99834475313132,27.736402349175453,Sp1336+3743
-0.5,None,17.60583493942241,-65.93454603043044,17.393397110492007,-66.87108852373595,17.60583493942241,Sp1336+4751
-0.5,None,15.8182130366682,-64.20836569441977,15.630301164144575,-65.08347416684238,15.8182130366682,Sp1337+4938
-0.5,None,23.772531258064067,-71.54019657784431,23.572001483207,-73.03155591736095,23.772531258064067,Sp1338+4140
-0.5,None,83.6465003864967,-45.735704092689446,81.92855685426618,-46.5858050441332,83.6465003864967,Sp1338-1838
-0.5,None,82.90273577170731,-46.4134023018908,81.48706818946368,-47.3093505123345,82.90273577170731,Sp1339-1755
-0.5,None,57.2447169656446,-70.95666914212313,57.00101849580818,-73.22500461332815,57.30500791297236,Sp1341+0805
-0.5,None,10.257480964569677,-58.7349609288951,10.179458092845884,-59.5204431161799,10.276440784300922,Sp1341+5510
-0.5,None,56.84756842780386,-71.0094466955288,56.73577196154586,-73.49941069184841,56.99746168686767,Sp1343+0825
-0.5,None,83.60685484843633,-34.52480432554942,83.23202354811738,-35.34653683530433,84.36030789713692,Sp1343-2950
-0.5,None,12.273511656672259,-60.46120617614318,12.294138245008178,-61.51615248230467,12.365225357213014,Sp1346+5306
-0.5,None,80.88452708784432,-47.520536222780656,81.01955178466528,-48.727235846894544,81.78119753915081,Sp1346-1624
-0.5,None,81.60022848230946,-32.462875943648775,81.90138319955437,-33.337367147340196,82.59317569023233,Sp1346-3149
-0.5,None,61.15416391476374,-66.41344611420317,61.390496797173434,-68.82486061496027,61.58017052420515,Sp1348+0353
-0.5,None,68.03853557604425,-60.09844371540985,68.27796288801086,-61.95071878985765,68.54464764484003,Sp1348-0304
-0.5,None,71.55371100390356,-21.96953005201762,71.81029480987436,-22.69891381043545,72.02863396939814,Sp1348-4227
-0.5,None,59.85874644164243,-10.236963608715076,60.012497644691315,-10.789897732412893,60.111348642342016,Sp1348-5423
-0.5,None,38.36402459262695,-79.09973158592344,38.55684399592485,-85.5976241361317,38.64125247560841,Sp1350+2650
-0.5,None,63.48226354550455,-13.856450921262343,63.81077135741685,-14.523254719619292,63.88975407493485,Sp1351-5036
-0.5,None,56.12319400714009,-69.89207783231792,56.65384320180903,-73.2701130378224,56.71606026124456,Sp1354+0846
-0.5,None,14.514854339485952,-62.15501328877783,14.715263029191638,-63.66903679424475,14.736222617512576,Sp1354+5044
-0.5,None,21.459854735105466,-68.08232901766881,21.7536384162615,-70.43151621987491,21.761466024950398,Sp1356+4342
-0.5,None,80.93241765104203,-45.1194456716912,83.53093451918622,-46.67807346813331,83.63427408131479,Sp1356-1812
-0.5,None,56.24612610378665,-69.25575046263387,56.956756230978414,-72.80062459399461,56.96476056510153,Sp1357+0830
-0.5,None,77.99148538181204,-48.433454391766155,80.057385702696,-50.175354461859065,80.0623858316283,Sp1357-1438
-0.5,None,82.56230429564623,-41.79033266610798,86.87000714899614,-43.29352964956951,86.78128393888464,Sp1357-2134
-0.5,None,72.59258926179179,-23.33327635041466,73.9167906009725,-24.376138685714707,73.83830168845319,Sp1359-4034
-0.5,None,57.391595186715165,-7.763761902141791,57.893926047195094,-8.454578825381033,57.86849945741078,Sp1359-5636
-0.5,None,17.458299645424567,-64.4086707398341,17.815237257599748,-66.45194149190289,17.79475440982707,Sp1400+4739
-0.5,None,22.855772515457883,-68.757746613794,23.297696465209214,-71.59613026781219,23.263499563067217,Sp1401+4211
-0.5,None,75.54750108453578,-50.28499735457255,77.82709734167287,-52.29582641799645,77.64654824809719,Sp1401-1220
-0.5,None,70.22848288603777,-55.58087571938702,71.98853559496126,-57.9724259568309,71.82743252750171,Sp1402-0630
-0.5,None,34.709015577917675,-75.5674180754953,35.35215337390277,-81.42681606201519,35.28750408802196,Sp1403+3007
-0.5,None,-18.42814740559008,-30.664086499905412,-18.35834921788259,-30.83535797501769,-18.365330382602163,Sp1405+8350
-0.5,None,33.23978286651972,-74.54339128113067,33.95698842990503,-80.09867764099819,33.909861211180136,Sp1406+3131
-0.5,None,44.19855258183826,5.388507540678592,44.549311646548226,4.889312948787453,44.53414697146945,Sp1406-6957
-0.5,None,-46.32586173536736,32.387482145369844,-53.78531699841254,38.290913953138215,32.387482145369844,Sp1407-0800
-0.5,None,68.35676102412702,-19.089022459037928,69.8808880709096,-20.20847884248109,69.83780986612476,Sp1407-4436
-0.5,None,60.371445241990976,-10.820644962240284,61.358684092419935,-11.74634753956772,61.351520993171064,Sp1408-5307
-0.5,None,65.24007978353609,-58.819202730980656,67.3068768737208,-61.93740246271137,67.32119284922508,Sp1409-0153
-0.5,None,76.99526267087221,-29.21672708366159,80.43931810144304,-30.675280893002622,80.43021844263136,Sp1409-3357
-0.5,None,20.896197692317582,-66.38761382064573,21.55641962172742,-69.37817645725478,21.567049872731488,Sp1410+4354
-0.5,None,63.170424792195114,-13.723972149043545,64.42892554649534,-14.763277568631555,64.45737158867743,Sp1410-5001
-0.5,None,25.093298716359797,-69.33495842912326,25.841292843980135,-73.1220962945655,25.860591982578327,Sp1411+3936
-0.5,None,70.6709310086511,-21.803892001389,72.85734904231722,-23.108647130041195,72.95409533053353,Sp1411-4132
-0.5,None,47.54060374930308,-71.82370882541947,48.862103314039494,-77.72969628358179,48.91937394589758,Sp1412+1633
-0.5,None,40.413547362302964,-74.16939527726882,41.52348564029136,-81.05939691571976,41.57036833571321,Sp1412+2354
-0.5,None,63.80747291935459,-59.614525355440634,65.96153811543482,-62.972333094307636,66.05401596284298,Sp1412-0035
-0.5,None,67.5570942678632,-55.62604606011863,70.25881013913865,-58.685689924688354,70.44152170975485,Sp1413-0457
-0.5,None,18.075105857967174,-63.78779268597595,18.80815052643423,-66.56740960467548,18.862932699460476,Sp1415+4636
-0.5,None,49.91194014072882,-69.53738733014929,51.52993271098547,-75.08009829700957,51.674430325512226,Sp1416+1348
48.86500113314872,None,74.43958642999719,-27.02456107392593,78.35653955434734,-28.67864738692691,78.86500113314872,Sp1418-3538
-0.5,None,32.5289915990881,-71.76198624222451,33.714540833826355,-77.67651449741368,33.85368186314543,Sp1419+3137
16.9986600168452,None,45.1023077656659,-70.70659379170631,46.77659075063067,-77.15977954109138,46.9986600168452,Sp1421+1827
51.694314746017994,None,75.08694436006473,-44.71513289952265,80.69510425551348,-47.31204115504498,81.694314746018,Sp1421-1618
54.77071858602126,None,77.07763103694207,-32.47585663571511,83.40125874867128,-34.440022397036024,84.77071858602126,Sp1421-2935
26.97290995417555,None,54.416083142535086,-64.91634075937459,56.648429170803766,-69.86869478211487,56.97290995417555,Sp1422+0827
20.987803777306183,None,48.746063211163424,-68.403780765559,50.69721270215182,-74.29967726950967,50.98780377730618,Sp1423+1426
-0.5,None,12.767342625931233,-58.95883477003564,13.57545160559084,-61.34744959232721,13.688097062377683,Sp1423+5146
43.50723450779324,None,68.97746005955261,-51.75723815093412,72.87846921334511,-54.963079796172636,73.50723450779324,Sp1423-0806
49.119466535803,None,73.78261162724625,-26.987832672279392,78.28329742585014,-28.806138448047292,79.119466535803,Sp1424-3514
9.75870891739963,None,37.934424504414146,-71.30375301095836,39.509206832460684,-78.14267809566304,39.75870891739963,Sp1425+2540
-0.5,None,-9.315895835556594,-39.21593370230581,-8.954131466227132,-39.90472713899131,-8.900485686180987,Sp1425+7422
47.50584805557075,None,72.58828329048978,-25.411333794299107,76.73040820590538,-27.1977790452276,77.50584805557075,Sp1425-3650
-0.5,None,3.7111266734513455,-51.03830877274826,4.395622773197077,-52.639163735759276,4.507326910060061,Sp1427+6056
21.43092376125734,None,48.862432197350536,-67.24024097915658,51.04810124590261,-73.1788674411395,51.43092376125734,Sp1428+1356
2.2337803110274663,None,30.534645879287883,-69.48322323068334,31.971409917693542,-75.25339863078901,32.233780311027466,Sp1428+3310
-0.5,None,5.17549297625095,-52.26050763660644,5.91864010650757,-54.02297097381657,6.045517746957874,Sp1428+5923
42.011761801777865,None,67.0845510892765,-52.236844479228544,71.17408544899084,-55.76080789964096,72.01176180177787,Sp1428-0644
-0.5,None,17.311109492310376,-61.977686376725224,18.382519935971228,-65.22085664524657,18.59203138803938,Sp1429+4650
21.802004442600364,None,50.45164728318018,-0.8758578387848379,51.55915918030219,-1.8520814512960755,51.802004442600364,Sp1429-6240
-0.5,None,4.790572040980638,-51.83866832516424,5.5615860791206835,-53.61717152063174,5.725901400616854,Sp1430+5943
52.99604171145789,None,74.5764401049811,-30.178679226594138,80.8033901537952,-32.33638835576725,82.99604171145789,Sp1430-3114
55.537985501589276,None,74.79846504231566,-39.88484769778791,82.18430768109073,-42.59413259979119,85.53798550158928,Sp1431-2029
10.910990402798063,None,38.48822007973169,-69.52288685455662,40.39376311386901,-76.40393776195994,40.91099040279806,Sp1433+2432
58.549980336513414,None,74.70832186232377,-36.75229934444014,82.54749100324268,-39.39612459015447,88.54998033651341,Sp1434-2335
58.55448576561186,None,74.65438916180652,-36.77436612345538,82.49214085091705,-39.42711642682877,88.55448576561186,Sp1435-2333
6.455515615103927,None,34.036206459838574,-68.81649446892072,35.868891499626805,-75.35965185732141,36.45551561510393,Sp1436+2900
27.156625324649305,None,54.88974430964477,-5.5450596837281045,56.573467468792394,-6.809340266465555,57.156625324649305,Sp1436-5721
-0.5,None,0.29261455017845545,-47.65190948220695,1.0656084966259265,-49.19535879365496,1.3268297852562412,Sp1438+6408
15.986077256701783,None,42.69657995310449,-67.06589302711906,45.089968238345996,-73.81148097890157,45.98607725670178,Sp1439+1929
32.17926684043653,None,56.716333520887005,-57.648978434398025,60.48094757203847,-62.68384140003919,62.17926684043653,Sp1443+0316
5.425065381650228,None,32.473365507824965,-66.9424551573915,34.536778017523446,-73.39809033975821,35.42506538165023,Sp1444+3002
55.67407660462109,None,71.89865127639457,-38.621092161655646,79.47945552275519,-41.73245385391957,85.67407660462109,Sp1444-2019
-0.5,None,-0.5748662490911389,-46.643577331546716,0.2885444047337644,-48.25851625411432,0.6642528561004545,Sp1445+6447
35.016469601093036,None,58.7359139731073,-55.168802244848536,62.94157136716986,-59.980552304178204,65.01646960109304,Sp1446+0024
44.58507129478515,None,67.49268281134773,-21.018940158328874,72.08743294716672,-23.16745547779806,74.58507129478515,Sp1446-3952
-0.5,None,10.03611876556164,-55.176576782674104,11.295780082140142,-57.992547797641336,11.870295268012311,Sp1447+5335
52.3705211200016,None,71.03530738135352,-28.036682277595805,77.63668757884689,-30.587120386788136,82.3705211200016,Sp1447-3158
-3.926348813494343,None,23.2747748269905,-63.01678491998751,25.14473101102438,-68.08663566028866,26.073651186505657,Sp1450+3920
-0.5,None,12.144261126419096,-56.4998136896459,13.546320117855926,-59.692970862209584,14.22793808869887,Sp1450+5112
46.74902351092402,None,68.00127077860463,-22.69971216985165,73.33694357924979,-25.06532686529149,76.74902351092402,Sp1451-3732
21.596837645637073,None,46.42656921426976,-61.81632135420169,49.75157482876966,-68.21128785102326,51.59683764563707,Sp1453+1346
21.03777210965349,None,45.91692670100282,-62.03885503343324,49.20641219234232,-68.48669956695447,51.03777210965349,Sp1453+1420
-2.1359825584348613,None,24.747092283691753,-63.18947020459583,26.77097564942277,-68.61062335066691,27.86401744156514,Sp1453+3733
18.421115253717645,None,46.24474880325943,3.2723244485914917,47.630481145331274,2.129549317875594,48.421115253717645,Sp1454-6604
9.097716957059802,None,35.00132673886128,-64.70966063666931,37.60612167628134,-71.50906332238918,39.0977169570598,Sp1455+2619
57.477642059559216,None,69.86869216614049,-31.80700491914813,77.57179035456724,-34.89614590331119,87.47764205955922,Sp1456-2631
56.300708309651,None,70.0157727599769,-30.816361180924485,77.56981610200658,-33.808711841198345,86.300708309651,Sp1456-2747
56.02949301091364,None,69.8489768497725,-30.428200679684483,77.35449424644001,-33.41503980746074,86.02949301091364,Sp1456-2809
-0.5,None,17.281419199873365,-59.095715988421475,19.075617716043357,-63.32650843589704,20.16067613792864,Sp1457+4517
-0.5,None,6.641090450752055,-51.940920849096116,7.9859273854446675,-54.606122391951864,8.795793163485554,Sp1457+5639
6.78184046829756,None,32.5587994446386,-63.97981179977847,35.14847830118191,-70.61827330769434,36.78184046829756,Sp1458+2839
29.364475779958703,None,52.191870154985864,-56.45195129293499,56.42666502058763,-62.194784540548945,59.3644757799587,Sp1459+0604
15.996234838864076,None,40.5995348208098,-62.298303746595444,43.81133713096507,-69.12984465277192,45.996234838864076,Sp1500+1927
-0.5,None,19.820058341565673,-60.05329675804237,21.81673775411612,-64.81573548673921,23.13004198228473,Sp1500+4219
36.109903403873275,None,57.321371986407506,-51.86071060579143,62.33928113908746,-56.97707231089422,66.10990340387328,Sp1500-0039
12.625794504189471,None,37.54835125459175,-62.944761173718284,40.56368728211039,-69.83606357702357,42.62579450418947,Sp1501+2250
44.4654998265614,None,64.92271497749636,-19.508224330658145,70.07672107515688,-21.980710674707925,74.4654998265614,Sp1501-4003
59.39091719337074,None,68.08477237366115,-33.13173421662889,75.92649171862543,-36.564495385983086,89.39091719337074,Sp1504-2355
-0.5,None,-6.5853681136384985,-40.91200810720261,-5.6811243267312905,-42.306967106323484,-5.028665948568176,Sp1506+7029
51.87461111059268,None,65.34459945636289,-38.76903925026912,72.75308750581219,-42.79145123552297,81.87461111059268,Sp1507-1627
55.40095774886669,None,66.60100949593465,-35.95266455748788,74.33671752807315,-39.72114813559385,85.40095774886669,Sp1507-2000
49.709767137183164,None,65.88204382317059,-23.41116870401804,72.33970774016642,-26.316908325996504,79.70976713718316,Sp1508-3445
54.83653289524392,None,66.02897984233668,-36.07223123481179,73.74224000487469,-39.92219662660883,84.83653289524392,Sp1509-1932
55.43674322309428,None,66.88620614703295,-28.29094898126392,74.35672733950089,-31.55660759762349,85.43674322309428,Sp1509-2853
55.91308466057694,None,66.7275313049406,-28.668841056019843,74.271571937229,-31.990980292308347,85.91308466057694,Sp1510+2818
-0.8871354081964711,None,24.53736736012667,-60.36691447973929,27.07757801179982,-66.1763200462001,29.11286459180353,Sp1510+3619
38.0959101099199,None,57.08146425395736,-48.68138931283564,62.737820731087155,-53.856388837643856,68.0959101099199,Sp1510-0241
47.15880543715947,None,62.643977099228735,-42.03024195420693,69.50911350017613,-46.463918483126186,77.15880543715947,Sp1510-1147
55.91468070670432,None,66.72809270474491,-28.670382001852413,74.27230212075435,-31.99256426971809,85.91468070670432,Sp1510-2818
1.36156777971566,None,26.375995200404134,-60.39356713956632,29.09840949226355,-66.51324786115798,31.36156777971566,Sp1512+3403
45.8578845988598,None,61.532195926548496,-42.621230069403495,68.28562544879831,-47.20516562366159,75.8578845988598,Sp1512-1032
57.05298916141106,None,65.70872205405205,-32.85795402777972,73.5549891500054,-36.607002739081615,87.05298916141106,Sp1513-2243
11.711776280402567,None,35.355024546103614,-60.09157401174489,38.755658930039644,-66.96811785821056,41.71177628040257,Sp1514+2341
56.99816282441056,None,65.54418355494427,-32.598284223864525,73.39100320835209,-36.35590153225484,86.99816282441056,Sp1514-2254
-0.5,None,12.898196905669629,-54.7431954105967,14.919884945315594,-58.78109437835159,16.62500256246681,Sp1515+4847
35.80808895026112,None,54.582461138068304,-49.110924728734275,60.172116548615534,-54.59311701795054,65.80808895026112,Sp1515-0030
25.64557845885161,None,46.73220383266168,-54.84434467283929,51.30039560215313,-61.188315442347566,55.64557845885161,Sp1516+0942
57.06980161269499,None,65.2872520158258,-32.12692525175446,73.13271360395389,-35.893655237171856,87.06980161269499,Sp1516-2315
32.997077512841756,None,55.875892147789884,-8.241629652558755,59.45898425750572,-10.410640138767207,62.997077512841756,Sp1517-5128
50.24107370761722,None,63.995167747623604,-22.792841770037423,70.73391956593514,-25.958110650822118,80.24107370761722,Sp1519-3407
10.255580193425295,None,38.13237229985721,11.480255841546349,39.223286988810614,10.517325091027324,40.255580193425295,Sp1519-7416
48.43723608644021,None,63.32308666898845,-21.149194014507657,69.74100023698118,-24.222289156332543,78.43723608644021,Sp1520-3559
-0.5,None,10.590584871946442,-52.827624785729846,12.630203336012604,-56.66993061414675,14.548270781328018,Sp1521+5053
58.708145267578274,None,63.79279067162941,-30.752192327667675,71.62805664098114,-34.64226569362239,88.70814526757827,Sp1523-2347
72.39164537890673,None,30.24354939827047,-58.14123504041126,33.66664440435021,-64.82663962432984,37.23916453789067,Sp1524+2812
60.2234618723314,None,29.260462680443677,-58.28531563300408,32.589220956307834,-64.88897425649456,36.02234618723314,Sp1524+2925
-0.5,None,0.7823536856552824,-46.081733945317026,2.3470482407146966,-48.62143359339794,3.9022675461893086,Sp1524+6132
333.61682402879956,None,55.1521028332263,-7.869787915145189,58.97701572602468,-10.177046101564997,63.36168240287996,Sp1525-5110
147.2489260924812,None,36.41026229044005,-56.80837222939835,40.392338387336665,-63.6984589739008,44.72489260924812,Sp1526+2043
447.6035600593691,None,57.847580656622675,-41.07204359952751,64.77165702539756,-46.082715424565684,74.76035600593691,Sp1527-0918
554.0267903789685,None,62.648471386441116,-25.67475411448979,70.15079130404496,-29.3528864332994,85.40267903789685,Sp1529-2907
260.1467381119289,None,44.79222739129234,-51.72918610780345,49.84212794446854,-58.19734164788928,56.01467381119289,Sp1530+0926
308.26483968464123,None,52.93634422846983,-5.311228007896894,56.49926562177873,-7.554346992388069,60.826483968464125,Sp1530-5342
187.54601272129298,None,39.01969174311392,-54.51782663478388,43.46709480509238,-61.34038699349587,48.7546012721293,Sp1531+1641
230.83255180034024,None,41.887973365917105,-52.057641493259354,46.81142607779405,-58.7204088776822,53.08325518003402,Sp1534+1219
496.30849735019,None,58.485344634593886,-36.1464462165695,65.99764097930215,-40.94934609322616,79.630849735019,Sp1534-1418
352.74959786876764,None,55.13939535398675,-8.704303893090389,59.4832154612085,-11.264193321424797,65.27495978687676,Sp1534-4914
54.17004872041872,None,27.34604830495895,-55.56972061988012,30.978634675901965,-62.13836806653162,35.41700487204187,Sp1536+2959
445.0997930523563,None,58.88684520330736,-16.025861130025124,64.88240707463189,-19.19276110858208,74.50997930523563,Sp1537-3954
-0.5,None,-11.389001362315174,-36.171979120320536,-10.383771794660014,-37.48851110519679,-9.191458062927875,Sp1539+7437
405.87749880855665,None,53.05599561518824,-41.43535460074095,59.81411152872105,-46.9823504572395,70.58774988085567,Sp1539-0520
-0.5,None,15.269965241518669,-52.80602480571743,18.105589908702317,-57.889800385759415,21.604728170833265,Sp1540+4347
569.6862158853733,None,60.113930313440655,-26.393266386186436,67.84383490738614,-30.488256973137,86.96862158853733,Sp1540-2613
334.415319897765,None,53.269742355252276,-6.631538763540745,57.46602340162939,-9.186282674731325,63.4415319897765,Sp1540-5101
23.909939726777694,None,23.87468204728679,-53.82062543246306,27.504135513524684,-60.15626365435974,32.39099397267777,Sp1544+3301
-0.5,None,14.733637864383422,-51.90180475328709,17.674493925616538,-57.024821652164995,21.579239080017693,Sp1545+4350
-0.5,None,7.621919251084133,-48.903718646751855,10.039271811533428,-52.901035015351276,13.191805191974025,Sp1545+5214
578.6428849030755,None,58.54490062639466,-28.113730462157797,66.38231026538726,-32.53012800487649,87.86428849030754,Sp1545-2255
184.01592290804288,None,43.098832625441766,5.971426683068023,45.32022447822036,4.290073476422279,48.40159229080429,Sp1545-6608
289.5810205895836,None,49.92301282998006,-2.4264819113023415,53.54658178887891,-4.787159514789042,58.95810205895836,Sp1546-5534
486.83439270247817,None,55.36332372918539,-34.76804541436651,62.906390516900025,-39.87642855032317,78.68343927024782,Sp1547-1317
591.0086978194157,None,58.28709542608514,-26.691989518361353,66.08909385691082,-31.049630145418714,89.10086978194157,Sp1547-2423
520.2147412711154,None,56.18095080229154,-32.14600468298377,63.91797897269014,-37.056777903963855,82.02147412711153,Sp1548-1636
446.29975297734586,None,56.623364964568175,-14.57193848192822,62.78500174096318,-17.955613705011174,74.62997529773459,Sp1549-3954
291.6226236320705,None,43.70296159688877,-45.96095308104671,49.579029897562656,-52.414190029026706,59.16226236320705,Sp1550+0616
-0.5,None,5.020560804283814,-46.94485467836546,7.3977094806095565,-50.69185858275196,10.741413619037154,Sp1551+5442
-0.5,None,-3.6239872635513386,-41.66542827170223,-1.8983172569748192,-44.12461619893633,0.49005927849960856,Sp1551+6457
581.5041158584937,None,57.38823609377703,-24.465387413281142,65.10228323011071,-28.781982603592887,88.15041158584937,Sp1552-2623
214.32322348348214,None,37.6574441152224,-48.586005271206595,42.939447107217724,-55.39138778560884,51.432322348348215,Sp1553+1400
187.7600846188846,None,35.58462367073619,-49.352249322681416,40.66406709071643,-56.218717837176115,48.77600846188846,Sp1554+1639
255.29364823968757,None,40.23949086219761,-46.461754301774256,45.92303916495481,-53.128963548285746,55.529364823968756,Sp1555+0954
453.5567711564544,None,52.11346822434691,-35.52689651040279,59.497024786785694,-41.00382001678911,75.35567711564543,Sp1555-0956
175.42132782753455,None,34.115980134110195,-48.92544056562778,39.18479186440351,-55.81026054980684,47.542132782753455,Sp1557+1752
-0.5,None,0.7391275446972918,-44.04686159314639,2.925125881598494,-47.27908104473907,6.191897607267698,Sp1557+5914
572.0585029024028,None,55.2863028838111,-26.244609495349817,63.12245306685444,-30.94732563658325,87.20585029024028,Sp1559-2226
575.4369338782642,None,55.37428096773784,-25.914051241236375,63.20301848396117,-30.58540448760491,87.54369338782642,Sp1559-2254
156.17864271087478,None,32.24826134259903,-48.80995908353023,37.23499495581929,-55.70108021791216,45.61786427108748,Sp1600+1946
522.0934111061155,None,55.75099595949286,-19.08618614925903,63.02192502016772,-23.165133447861425,82.20934111061155,Sp1600-3205
387.5708635559036,None,52.85294141823096,-8.835277975363807,58.236009529463665,-12.018737787976669,68.75708635559036,Sp1600-4543
494.2905415992062,None,55.374654952718856,-16.8967662067056,62.332517533654716,-20.80076606166769,79.42905415992063,Sp1601-3455
337.75385249439415,None,44.36185459834169,-40.82734769136824,50.92417880963612,-47.12821344744453,63.77538524943942,Sp1602+0131
-0.5,None,-2.4698921974689783,-41.79451655111592,-0.44565686815959665,-44.64508357962222,2.707964071186055,Sp1602+6242
574.002916266126,None,54.8347418223427,-24.59352646905698,62.634300040828755,-29.244539198621997,87.4002916266126,Sp1602-2401
557.3890936819738,None,55.343429853064926,-21.765688922107817,62.953236311797546,-26.14242536200521,85.73890936819738,Sp1602-2803
493.50126141068915,None,55.08077424347853,-16.689876119696166,62.04343222967908,-20.616899745454543,79.35012614106891,Sp1602-3455
261.7980059336885,None,39.1301761026001,-44.11503937475461,45.08268810437904,-50.797742990441776,56.17980059336885,Sp1604+0908
511.59202363703827,None,54.92211597951058,-17.85352939569195,62.10230393073674,-21.93079185931105,81.15920236370383,Sp1604-3303
158.49196530879368,None,31.56075101473565,-47.48397375492535,36.69722483002108,-54.37480255751552,45.84919653087937,Sp1605+1931
-0.5,None,14.954619139049175,-48.73923071938588,18.524362312849906,-54.351239692226955,24.49072811927231,Sp1606+4054
400.4076862942254,None,46.89173380155427,-36.34988263337627,54.03019821790501,-42.33497210852997,70.04076862942254,Sp1607-0442
504.4907434027083,None,51.48499106691728,-29.804617915583364,59.23497803206964,-35.11990725677205,80.44907434027083,Sp1607-1512
154.3404294440748,None,30.842941245505326,-47.04589871794594,36.00001786629129,-53.934086117661366,45.43404294440748,Sp1608+1957
400.68609788430433,None,46.79193703185262,-36.23721202582364,53.93793254054994,-42.2272922503064,70.06860978843044,Sp1608-0443
104.52988135353053,None,27.040844135585903,-47.98988020036021,31.826134133135575,-54.7840433164794,40.45298813535305,Sp1609+2457
499.65554014878734,None,53.6807074033462,-16.008946263267262,60.717982259556784,-20.078110885403976,79.96555401487873,Sp1609-3431
419.2483687473603,None,47.07223279664173,-34.58467886785237,54.37935434069465,-40.49966663926806,71.92483687473603,Sp1610-0631
461.4913995230705,None,52.74595112180389,-12.88311251504179,59.32279287596913,-16.72949011992804,76.14913995230705,Sp1611-3823
585.5242838814675,None,52.37113627329176,-23.45267700633422,60.181773850373645,-28.324108442976183,88.55242838814675,Sp1613-2313
382.8148823427435,None,44.452559493602415,-35.9860398776438,51.54145425080565,-42.15513060504916,68.28148823427435,Sp1614-0250
296.5484772305951,None,39.192872433582664,-40.1237952362662,45.6383600872093,-46.73070458915015,59.65484772305951,Sp1615+0546
-55.225545611282456,None,17.706401371443953,-47.37190321682543,21.813793468348994,-53.494764868591155,29.447744543887175,Sp1615+3558
279.99286083890433,None,37.99733491957876,-40.695380004438135,44.325648553607756,-47.37130888410877,57.99928608389043,Sp1616+0725
310.3523718203766,None,47.31832571338216,-1.2691121088852055,51.72035659587903,-4.148899286962487,61.03523718203766,Sp1616-5331
345.79252729729916,None,41.37072301599583,-36.885431304290655,48.25654792536762,-43.29385572918069,64.57925272972992,Sp1619+0050
396.757105427443,None,43.909360323435735,-33.94606126143617,51.165213244303935,-40.095829715482694,69.6757105427443,Sp1620-0416
393.2506230180263,None,43.53338570147257,-33.93470797137139,50.77720062188891,-40.112311064067924,69.32506230180263,Sp1621-0356
473.1717002078804,None,51.13524423919061,-12.494562480471838,57.90723634887018,-16.558931763334023,77.31717002078804,Sp1621-3711
126.93505304238393,None,36.84474105192124,12.432914796272104,38.804493408045204,10.85389791616248,42.69350530423839,Sp1621-7151
-0.5,None,6.347756248368898,-44.202262399224686,9.598707380017231,-48.88581453090849,15.829956383212235,Sp1622+4934
404.64722896233343,None,43.56721754508874,-32.730266872400634,50.912180836245334,-38.86791143414695,70.46472289623334,Sp1623-0508
531.597203382267,None,48.75789216940032,-25.099281970020705,56.5979352654549,-30.46341164191918,83.1597203382267,Sp1623-1758
527.4940574373395,None,48.20038219464487,-24.891308470748847,56.039294063396966,-30.30113304897988,82.74940574373394,Sp1625-1742
1414.128624545549,None,27.056524082454636,-43.37842938331302,32.48564475849627,-50.241174530512694,44.14128624545549,Sp1626+2113
1015.1048436460378,None,24.152194462167962,-44.13438713257958,29.28617839385438,-50.898383230843905,40.15104843646038,Sp1626+2512
419.18142824637897,None,43.85251541710669,-31.458728742027997,51.303337029469645,-37.53269324916002,71.9181428246379,Sp1626-0639
461.4810778384099,None,49.88244102217316,-10.966325870083152,56.55806941496592,-15.04611446287659,76.14810778384098,Sp1626-3812
-0.5,None,-18.050652443026145,-30.12268307280621,-17.230446212088285,-31.028836821855233,-15.666732796705993,Sp1627+8105
573.0673024498451,None,49.36810700309089,-20.224878111652,57.12895485715371,-25.229287863593534,87.30673024498451,Sp1627-2425
276.81134518664715,None,35.59618056790169,-38.15831701122431,42.108113775138506,-44.8909446192556,57.68113451866471,Sp1628+0737
561.1707239588432,None,48.10135142143096,-21.734448087398412,55.932103151526,-26.977070751491862,86.11707239588432,Sp1630-2120
29.30872642530062,None,18.229643563166796,-44.084189280324246,22.903976436692712,-50.47939229823876,32.93087264253006,Sp1631+3227
3.1271213046871438,None,16.065565268303132,-43.86846199090798,20.573715063682492,-50.0748447317749,30.312712130468714,Sp1632+3505
418.8225514949896,None,42.262275568390606,-30.097501609509212,49.75810756128309,-36.246275862593926,71.88225514949896,Sp1632-0631
1642.0347289525225,None,38.19250755148313,10.597468694818126,40.73633663715059,8.632127867742005,46.420347289525225,Sp1633-6808_1
1642.023870660143,None,38.1915334997393,10.598351110999802,40.73545318580417,8.63293217878702,46.42023870660143,Sp1633-6808_2
867.9773368175915,None,33.74270621561429,15.756982916293847,35.302571444197575,14.443716790480968,38.679773368175915,Sp1633-7553
3479.5135494345177,None,37.658774745154794,-32.81488519277866,44.784780401607556,-39.34040696546918,64.79513549434517,Sp1637+0037
-1.7999911058060292,None,15.12169659143618,-43.05324962940306,19.666151942570426,-49.22045086591236,29.820000889419397,Sp1637+3535
498.29224467309587,None,47.607209397389596,-11.478844487574117,54.68344767812933,-15.965708563361472,79.82922446730959,Sp1639-3444
497.19848015040526,None,47.33976793329753,-11.207949817571157,54.407335156883654,-15.70491349172672,79.71984801504053,Sp1640-3451
476.458085941116,None,46.87399691247826,-9.543903643828596,53.74057283928597,-13.927683678737491,77.6458085941116,Sp1642-3654
533.2738217841495,None,17.780941669940837,-40.81886924006558,22.894380102918543,-47.34260111114297,35.332738217841495,Sp1645+3004
3658.5158982167627,None,36.964679278385184,-30.242439506285148,44.274150127296714,-36.74006092526579,66.58515898216763,Sp1645-0112
486.69485500038064,None,42.27379344076014,-23.7388575534766,50.0713647904647,-29.640280286155168,78.66948550003806,Sp1645-1319
511.54905399276913,None,17.46244261140671,-40.61042208398922,22.57923110434589,-47.12133841461211,35.11549053992769,Sp1646+3016
813.8847728961167,None,14.47313921457635,-41.056914367142724,19.262633537690366,-47.29697156739494,30.813884772896117,Sp1646+3434
-0.5,None,3.306717465026476,-40.38767755242679,6.866379279361603,-45.10417244487693,15.074437068182114,Sp1646+5019
-0.5,None,9.67110219402025,-41.10214478237019,13.954035594457181,-46.784488255255496,24.110315856292875,Sp1647+4117
3553.547089788765,None,35.836989699898695,-30.107024293746104,43.116007075692984,-36.66155797257936,65.53547089788765,Sp1648-0012
549.5737699539832,None,45.39739433827816,-13.565735352039493,52.902279156172625,-18.53830257698863,84.95737699539832,Sp1648-2913
3058.013508853216,None,33.055591332073945,-32.25633518349677,40.04575221981398,-38.98165570680512,60.58013508853216,Sp1649+0444
6998.820833721417,None,18.352217430276827,-39.76295172972205,23.657738322321702,-46.36661239413826,36.99882083372142,Sp1649+2822
2408.634156012411,None,40.15693689740682,6.9082800979154575,43.938392440476946,4.168942953128765,54.08634156012411,Sp1650-6026
3527.850644757149,None,34.67259757733978,-29.135197197812825,41.982554529258195,-35.72417264743117,65.27850644757149,Sp1653+0000
-0.5,None,-6.080634115379333,-36.55788401902531,-3.431976673871631,-39.81758260105399,2.8556819437676277,Sp1653+6231
-24.145644096233738,None,11.04236936249352,-39.572303877681215,15.723906128077415,-45.56557997621176,27.585435590376626,Sp1654+3747
4613.436915111783,None,44.51173796327489,-6.875636858016456,51.25463152069424,-11.310427115558145,76.13436915111782,Sp1654-3818
4369.265611178894,None,38.03894285539285,-24.378286011446768,45.733300510494466,-30.627419753714033,73.69265611178893,Sp1655-0823
4965.543798903137,None,40.128858270181496,-20.930555323608452,47.959614749748745,-26.88321895852408,79.65543798903137,Sp1656-1422
558.6270494170451,None,42.02225693025322,-17.23375479189473,49.83862120961176,-22.82701902546002,85.86270494170451,Sp1656-2046
2447.1058740623107,None,27.834237288252396,-32.88745051942896,34.528140577203516,-39.75681685694064,54.47105874062311,Sp1657+1054
4499.8971482180295,None,38.220165065769905,-23.382813421262878,45.95835045935801,-29.582716277235537,74.9989714821803,Sp1657-0940
-0.5,None,1.3859658966999027,-38.31900773785024,5.06692818468044,-42.999111186739796,14.33776791761239,Sp1658+5103
-0.5,None,-11.862632382570425,-33.50243962272157,-9.879617810928822,-35.79189254470626,-5.049991448318857,Sp1658+7027
1.4757616551685615,None,12.022524134703128,-38.39121222236251,16.98079947642005,-44.57423710419101,30.147576165516856,Sp1659+3515
5228.424052292435,None,40.080413953056436,-18.738662716124043,47.92699040212137,-24.590656447679798,82.28424052292435,Sp1700-1654
5743.729772986481,None,41.47434024157954,-15.70772342073102,49.258703149434474,-21.263184431130174,87.43729772986481,Sp1700-2207
5661.794467484397,None,41.11362255940065,-16.091017277040134,48.916289036204915,-21.70470998248323,86.61794467484397,Sp1701-2115
2887.574826620704,None,40.286451763492416,5.135069028130662,44.842130829006216,1.902945984857714,58.87574826620704,Sp1702-5542
4067.9595667990443,None,34.41017520383331,-23.812243657930058,42.040871292055606,-30.269791176613033,70.67959566799044,Sp1705-0516
4455.78872264978,None,36.061697437121964,-21.84180081502194,43.81220697737668,-28.132253174055762,74.5578872264978,Sp1705-0909
2988.9235058281115,None,40.11345887641445,4.877760184857616,44.83569084765614,1.5324560426508544,59.889235058281116,Sp1705-5441
4862.435932344452,None,37.34779682196343,-19.43130850687568,45.17659846790553,-25.535767320011324,78.62435932344452,Sp1706-1314
-0.5,None,5.721650872466578,-37.29489202341201,10.185353685949769,-42.833927420679714,22.374494012689006,Sp1707+4301
-0.5,None,-8.65585958586458,-34.48585232599411,-6.05288460479878,-37.54818159399949,0.7432689701537432,Sp1707+6439
4135.83879312227,None,34.35942905523462,-23.123068808224495,42.02136622138487,-29.562240274204445,71.3583879312227,Sp1707-0558
4151.4145081646875,None,41.59094628011949,-1.8512380069941379,47.84413710398119,-6.114274548278436,71.51414508164687,Sp1708-4302
1213.1601366296168,None,33.44249885662355,15.631791885674613,35.68530266839868,13.807422633127198,42.13160136629617,Sp1709-7226
741.0364462740076,None,15.036560195622908,-35.05067658828675,20.71046504044003,-41.63657481937793,37.41036446274008,Sp1710+2758
-0.5,None,6.801901105726632,-36.43020550287233,11.531173909011448,-42.197446279964204,24.89503878336884,Sp1711+4028
3869.9475232265045,None,32.16821682010547,-23.37948784352556,39.75952415412781,-29.94381879850843,68.69947523226504,Sp1712-0323
5625.243108416319,None,39.8890797901694,-10.19863393053457,47.44384933729334,-15.54587994817358,86.25243108416319,Sp1712-2742
2313.010715981976,None,23.833481853860544,-29.68565317400845,30.63691752778553,-36.57540593680285,53.13010715981976,Sp1713+1211
4457.193545045887,None,40.71356667506799,-2.9459427023089195,47.32430314957846,-7.495854317017549,74.57193545045887,Sp1713-3952
2848.757530526997,None,26.61189227060897,-27.410333683486233,33.73903757188565,-34.24949812903226,58.48757530526997,Sp1714+0648
5010.895822426903,None,12.808334369306616,-34.57094427920828,18.370319099151697,-41.03466776241376,35.0108958224269,Sp1714+3019
5027.457933514623,None,36.165018494531346,-16.66317433892576,44.011336809079154,-22.734863316218433,80.27457933514623,Sp1715-1515
4490.620773278462,None,40.3908659515896,-2.912998567880043,47.042823905807836,-7.508586005045783,74.90620773278462,Sp1715-3928
3849.6205944809335,None,31.104368341024816,-22.45304935105437,38.71308297604491,-29.04430343054351,68.49620594480933,Sp1716-0315
-0.5,None,-7.349589880478898,-34.07025451504567,-4.318313230450672,-37.609449610897954,4.168395159384653,Sp1717+6112
-0.5,None,-9.959171429915127,-33.27824447025304,-7.335036626169277,-36.28556982469103,-0.06846418433949503,Sp1717+6526
-23.3014416101895,None,27.204055464708,22.38151574330879,27.849242766341156,21.7969202779601,29.766985583898105,Sp1717-8449
-0.5,None,-11.674910164860336,-32.53436383600464,-9.293284171727322,-35.21783772354692,-2.6651190380665573,Sp1718+6802
4298.312709276909,None,39.70400210953892,-1.1731240229097797,46.14777185272901,-5.660534772763383,72.9831270927691,Sp1718-4131
3791.0180553832247,None,39.436343381636945,1.7743482640866164,45.2952636459795,-2.335277195287529,67.91018055383225,Sp1718-4637
3694.202308341056,None,39.274833800950645,2.394401460278641,45.01462212058373,-1.6445977829735157,66.94202308341056,Sp1719-4736
-0.5,None,2.8137357250609503,-34.989815749508516,7.317317029232432,-40.371107865016356,20.605734766094717,Sp1720+4446
5690.5059714395475,None,36.67041562201482,-11.845487439248258,44.43274180753226,-17.62487867963128,86.90505971439548,Sp1721-2149
-202.21055904148884,None,7.0200266670581755,-33.9188295381581,12.157677956576496,-39.92168618861858,27.97789440958511,Sp1723+3724
3965.272010444225,None,29.36015960859728,-19.83335402468214,37.04319504043889,-26.437221464722867,69.65272010444225,Sp1726-0415
5696.60978619928,None,36.84227446395735,-7.691360946943455,44.37639564215736,-13.182043983739705,86.96609786199281,Sp1726-2737
3658.0026413980804,None,27.624224078875564,-20.902582581194263,35.21310605400374,-27.6050485775283,66.5800264139808,Sp1727-0111
2672.714172385114,None,22.755531885872273,-25.06924117595609,29.902528335281396,-31.947809448737676,56.72714172385114,Sp1728+0839
-0.5,None,-16.662773022967755,-29.78037455048695,-14.95966061815223,-31.57991961255354,-9.919714394968578,Sp1728+7518
-27.064175020565457,None,5.583351826342968,-32.73113266757206,10.754162438921723,-38.674426717300506,27.293582497943454,Sp1729+3805
-0.5,None,-8.601016986114729,-32.69852135700852,-5.487427167318123,-36.235526404372315,3.8657957613330405,Sp1729+6131
19055.49415585665,None,18.070686744904467,-27.253933690421213,24.805010628833305,-34.11940257151598,49.05549415585665,Sp1731+1619
8027.865078626157,None,11.707148618119675,-30.377055183710876,17.711157806283854,-36.94758183200486,38.02786507862616,Sp1731+2721
5298.413710551699,None,9.936548327634554,-30.797769428652106,15.755253448357877,-37.23913299778405,35.2984137105517,Sp1732+3004
912.1734095276104,None,12.073345667319158,-29.77527790518938,18.17437589911123,-36.387690964031975,39.1217340952761,Sp1733+2615
362.5306350550616,None,8.768404502762468,-30.923243993869328,14.477251797436848,-37.27368227875913,33.625306350550616,Sp1733+3144
5217.194602063753,None,32.49468537758925,-12.002192285384437,40.32736664951198,-18.135756544978342,82.17194602063753,Sp1733-1654
4414.542866010389,None,29.497431969472625,-15.944957988046635,37.30414863874968,-22.427461801130544,74.14542866010389,Sp1734-0849
4714.684258076393,None,30.57014452463283,-14.3810161820725,38.41001017537217,-20.746167821176464,77.14684258076393,Sp1734-1151
5698.346420904012,None,35.082158692018595,-6.494134010435821,42.62291949378635,-12.081842167362014,86.98346420904012,Sp1734-2711
3510.9871228424695,None,25.288998639862093,-19.82343032738527,32.865096208790064,-26.58515283504475,65.1098712284247,Sp1735+0012
87793.83112419552,None,11.481581200052936,-29.380565220921607,17.58663931158788,-35.975209790234494,38.77938311241955,Sp1735+2634
5640.156957488625,None,35.02896716451435,-6.042186403752994,42.54014975840264,-11.603062259714997,86.40156957488625,Sp1735-2745
3835.000214040396,None,36.53503334508625,3.9669832862544747,42.48725683516968,-0.3422931366716533,68.35000214040396,Sp1735-4611
4997.235525603143,None,35.8011714874477,-2.2056444544303297,42.88930520551246,-7.362529567077265,79.97235525603143,Sp1736-3425
-0.5,None,-0.9655068457770771,-32.102069504438674,3.5602348167841558,-37.26278380020619,18.258820375894974,Sp1737+4705
10397.29473295813,None,11.65199483236963,-28.02485781333458,17.92252290271928,-34.67384207510924,40.39729473295813,Sp1739+2454
-0.5,None,-6.200087178973752,-31.822935906094568,-2.4082850237222715,-36.09256634772141,9.804013244131824,Sp1739+5532
256205.50861853288,None,19.327869944897824,-22.353517122408288,26.533774035069143,-29.244047032626447,55.62055086185329,Sp1741+0940
16791.71877194826,None,14.293049393620699,-25.110974538277887,21.02312134384721,-31.92581362899968,46.79171877194826,Sp1743+1832
1389.0009258348387,None,12.752915778428527,-26.07437973605808,19.299924988545744,-32.822660140523475,43.890009258348385,Sp1743+2127
-0.5,None,-8.435625895012134,-31.18204542409276,-4.910440511229672,-35.08886190531556,6.627316862969602,Sp1743+5844
-0.5,None,-22.434223609713168,-26.222152948583496,-21.864180162252907,-26.775644492132866,-20.06741367590059,Sp1743+8526
26023.81842735172,None,34.13749415445282,11.433966512635516,38.530818450605636,8.085135804357629,56.02381842735172,Sp1744-5834
5194.675705068967,None,29.730835787355243,-9.663225133354768,37.55583365804201,-15.889653779635266,81.94675705068967,Sp1745-1640
6306.272428836145,None,8.021934445416784,-27.594410140054805,14.084541541866985,-34.053793838012375,36.306272428836145,Sp1746+2903
-2159.5285338308054,None,3.327667109084904,-29.480391724367834,8.748284062653962,-35.438460707171835,27.840471466169195,Sp1746+3731
-0.5,None,-4.1241072720807574,-30.853983455453307,0.19466848942006318,-35.668111061599795,14.803224044224018,Sp1746+5034
4120.600647398474,None,25.520815970544614,-14.674267974625353,33.300593800719476,-21.313927638708932,71.20600647398474,Sp1746-0551
5231.295049297931,None,33.412925603212926,-1.5779030609759854,40.63994266077408,-6.966446217612589,82.31295049297931,Sp1746-3214
12693.722190833285,None,10.858108940899928,-25.063867969463796,17.39169229859607,-31.763855591277924,42.693722190833284,Sp1749+2241
-0.5,None,-1.2067241786649865,-29.69081113569382,3.6991497969564264,-35.09359054704658,20.978077320018414,Sp1750+4424
-803.2666944910823,None,3.0989958352457383,-28.064526397594697,8.694869567719428,-34.10269421552457,29.196733305508918,Sp1751+3610
5477.924061533781,None,31.64186516688546,-1.6409943071055806,39.004025328272995,-7.229927674498462,84.77924061533781,Sp1752-2949
3983.5071124529663,None,33.6235993807155,5.734239884677282,39.74738706205605,1.1695441199656444,69.83507112452966,Sp1752-4446
7909.10888190568,None,29.22775411376633,20.14429902897967,31.07325826382025,18.576382628064664,37.90910888190568,Sp1752-7642
5853.0726650154775,None,29.98381296672815,-4.878403266689482,37.64753373718568,-10.840261919846542,88.53072665015478,Sp1753-2312
18616.73296351681,None,31.794298351656494,15.826556625517657,35.18216534547941,13.122008179377481,48.61673296351681,Sp1753-6559
-0.5,None,-12.472712673626798,-29.532971032070844,-9.394770915314371,-32.810016866196314,1.2416719960898843,Sp1754+6408
-0.5,None,-9.563695921205408,-29.631005429597693,-5.891926157870608,-33.59220360194677,6.9675807610530835,Sp1755+5824
3679.344491438931,None,21.58556628595842,-14.646774705118206,29.291522984433577,-21.427179464530667,66.79344491438931,Sp1755-0126
5591.078446113142,None,28.512103763825465,-5.414222717428696,36.24475412983609,-11.525361441220118,85.91078446113141,Sp1756-2042
5728.101200588614,None,30.36876480133114,-2.383428684756983,37.86521588784493,-8.1538829878213,87.28101200588614,Sp1756-2707
5493.6285363098905,None,30.877064035900823,-1.1412527791670257,38.246404367494684,-6.7725674908047475,84.9362853630989,Sp1756-2933
3928.615719071435,None,32.93812908875827,6.609601043574766,39.00638833408479,2.0514372662281843,69.28615719071435,Sp1756-4518
23635.046554211534,None,14.952193926281584,-19.55176446034698,22.17570264434371,-26.435372692162467,53.635046554211534,Sp1757+1142
-0.5,None,-15.989513141008779,-28.679707281758986,-13.609628792570955,-31.139181840424364,-5.326234228431387,Sp1757+7042
4818.948153395149,None,25.709299333516647,-8.954920069995808,33.55395375931741,-15.408438260311852,78.1894815339515,Sp1757-1253
4025.3688165085605,None,32.65741595756723,6.334437523883971,38.829811020243,1.6902029674871848,70.2536881650856,Sp1757-4419
340.0661022370606,None,4.360954741057386,-25.90891002856729,10.343427746218362,-32.19006042776348,33.400661022370606,Sp1758+3157
5619.908338738939,None,30.090243175674978,-1.4633811317380108,37.53398908070643,-7.197558408677878,86.1990833873894,Sp1758-2804
5523.423939839093,None,30.207619116546812,-0.8760812429288544,37.59746217810856,-6.556549821039382,85.23423939839093,Sp1758-2904
327114.7527350112,None,18.794388548365387,-15.373879980714168,26.400634834087807,-22.22796077351061,62.71147527350112,Sp1759+0235
5113.910188872373,None,26.233907019085464,-6.966000022873426,34.05272330593355,-13.310523363765222,81.13910188872373,Sp1800-1559
-0.5,None,-18.173796981303443,-27.836426183012566,-16.23448313189147,-29.790457498696323,-9.342542404739659,Sp1801+7442
5562.380366750946,None,29.581818867311554,-0.7737485409754327,37.001678013449705,-6.50956700303572,85.62380366750946,Sp1801-2825
4929.280919362244,None,25.149352514710802,-7.364883656062742,32.984454251863504,-13.79189989723259,79.29280919362245,Sp1802-1412
5078.242500654649,None,25.36170458449568,-6.271469752281026,33.1785666328823,-12.642590045603546,80.78242500654649,Sp1803-1550
5356.153550264108,None,29.661182994076697,0.5987867633690735,36.95912692981923,-5.0278973014200705,83.56153550264108,Sp1803-3031
5127.902809958768,None,25.278625307794478,-5.842979440251582,33.08825242867077,-12.201706562647878,81.27902809958768,Sp1804-1616
5271.579687362098,None,29.6102079502476,1.2952667740710366,36.846247154854474,-4.282435591605917,82.71579687362099,Sp1804-3129
5228.013160915783,None,29.566660822279772,1.676561059149322,36.76840989091293,-3.8752367173209854,82.28013160915783,Sp1804-3200
4949.910185489027,None,24.37940271459093,-6.5018586158447045,32.21022942334153,-12.941287429999615,79.49910185489027,Sp1805-1422
5600.719726035333,None,28.508615133954432,-0.10786128105806875,35.939667356987194,-5.901972856207242,86.00719726035334,Sp1805-2758
592.7392559176319,None,4.111481718010082,-23.419788720689464,10.368067517300942,-29.81000145691956,35.92739255917632,Sp1806+2923
-0.5,None,-6.783926786997558,-27.48520099968818,-2.214874020662957,-32.32147362540829,15.086155048874149,Sp1807+5015
4168.973503676459,None,21.051557860159754,-9.830974662220564,28.87390441320038,-16.530549602980013,71.68973503676459,Sp1807-0625
5817.228929264312,None,27.338680493441725,-1.1673116173422866,34.90269625875803,-7.136725685707631,88.17228929264311,Sp1807-2459
-0.4335525054623801,None,0.7427669597008881,-24.67289450774226,6.578475745471292,-30.722325335232505,29.956644749453762,Sp1808+3523
5664.06700495397,None,27.733920061950663,0.37518192170626663,35.17261089251068,-5.459931783623356,86.64067004953971,Sp1808-2739
1234.966266080417,None,6.9167376630324116,-20.955147360014607,13.615608948912108,-27.600853700165885,42.34966266080417,Sp1809+2259
29830.326330661785,None,14.743455565199957,-13.820953720796343,22.306588907127978,-20.70889881205299,59.830326330661784,Sp1812+0531
9762.288446054341,None,4.916903001772464,-21.033619389798538,11.484178165919708,-27.575063474029065,39.76228844605434,Sp1812+2536
58882.76400670448,None,26.128142855373156,0.4608471050710487,33.64539471541521,-5.514509328417823,88.88276400670448,Sp1813-2542
5097.17352241435,None,22.795403531342497,-4.025608643042399,30.60228436271578,-10.463021262708814,80.9717352241435,Sp1814-1536
55787.40906407617,None,24.441400073839347,-1.857298249470701,32.14659694205897,-8.093283930066882,85.78740906407617,Sp1814-2025
3926.3219964970745,None,29.81991244148951,9.419270761125679,35.87472825318733,4.7260353606297825,69.26321996497074,Sp1814-4522
57992.59762124455,None,24.858055818768143,-0.6002030386987014,32.49157451758114,-6.740938584273576,87.99259762124456,Sp1815-2237
250721.67714108923,None,11.444275787599226,-14.597696435425284,18.854654293841936,-21.477753482865165,55.07216771410892,Sp1817+1017
-0.5,None,-4.062632571294313,-23.76822101555291,1.441854946365244,-29.389474273108668,24.326188563345536,Sp1819+4101
-0.5,None,-15.694359702433008,-26.838870065410596,-12.640876040940602,-29.914023305807177,-0.652616449393584,Sp1819+6600
44060.8751240932,None,28.284209709747074,8.14819571059921,34.79642240473477,3.056667970165805,74.0608751240932,Sp1819-4032
26712.728573295288,None,29.529282672824987,15.356418358789616,34.10326332577731,11.708419506250547,56.71272857329529,Sp1819-5754
21104.955213548863,None,8.664961936902372,-15.146709683814857,15.929974575064502,-21.97831134779454,51.10495521354886,Sp1821+1414
23583.06110778768,None,29.241991728440503,16.725648249178718,33.403187524304364,13.37035087192196,53.58306110778768,Sp1821-6101
-402.07421919634675,None,-3.752409621376169,-22.82124861910785,1.9174736143358824,-28.558181000929828,25.979257808036532,Sp1822+3921
-0.5,None,-4.349235362940918,-23.065447883960736,1.2272456435006847,-28.715525849876204,24.80831752112005,Sp1822+4032
-0.5,None,-19.014629429693837,-26.375018183572998,-16.79568192455578,-28.544226976433542,-7.9144156481339865,Sp1824+7316
4024.8270008436466,None,16.418491065062096,-6.463359411411737,24.246613438872192,-13.245465508196618,70.24827000843646,Sp1824-0500
4085.8137851981837,None,16.790459918085702,-6.331038928382241,24.623116356824752,-13.099803382612825,70.85813785198184,Sp1824-0536
49403.542497392875,None,26.299711762852613,6.630313882429399,33.243731209649134,1.1298632084151696,79.40354249739288,Sp1824-3503
49137.560901232675,None,26.34212063193557,6.760839594812905,33.26645870737852,1.2770999753411523,79.13756090123267,Sp1824-3519
-0.5,None,-9.820127590812413,-24.808495384296105,-5.1866094862341505,-29.510675578869723,13.963462318012908,Sp1825+5122
53759.87006261178,None,21.406108189970393,-0.15850275920043352,29.12864780247817,-6.5224451060816895,83.75987006261178,Sp1825-1853
5067.054623014748,None,0.043056328716682274,-19.637532220126076,6.425259829337662,-25.9272308835513,35.06705462301475,Sp1826+3014
4788.592387048796,None,18.907189518598116,-2.47555412784045,26.73309181189849,-9.065418059544152,77.88592387048796,Sp1827-1251
329845.81566671823,None,12.302125705024617,-8.51753525269104,20.021668296586565,-15.399353736331125,62.98458156667182,Sp1829+0215
27311.995688629424,None,9.740612073537154,-10.80930619683615,17.300214024502484,-17.694928178644915,57.31199568862942,Sp1829+0757
9286.584810845867,None,1.4085203455354496,-17.58027801871294,8.095321594877642,-24.055724681954388,39.286584810845866,Sp1829+2600
49731.30209069056,None,19.150087361799905,-1.2881129608045516,26.95160661273332,-7.826844677432294,79.73130209069056,Sp1829-1439
53691.461130161355,None,20.398472794539536,0.6669009207370223,28.116678813817433,-5.725415572687291,83.69146113016136,Sp1830-1842
20030.559242169362,None,27.989904666704238,19.00416079774113,31.677985730619426,15.964254338851998,50.03055924216936,Sp1831-6435
12914.06051589142,None,2.2663435391232585,-15.459115461614719,9.197555310224422,-22.059067946560365,42.91406051589142,Sp1833+2225
50693.666067550905,None,23.95704824237589,8.067859125769465,30.952384475928426,2.4251118162418623,80.69366606755091,Sp1834-3353
306687.03799656837,None,9.827743985062561,-8.075671413930122,17.507940474000687,-14.967005114103964,60.66870379965684,Sp1835+0440
234.86059511927664,None,-3.030672953253433,-18.571367995767794,3.2411996185479617,-24.678959729698043,32.348605951192766,Sp1835+3259
49511.96211670758,None,23.77174016468498,9.030680464788924,30.67344637672514,3.4496186015236816,79.51196211670758,Sp1836-3507
193819.06178326736,None,4.384630768148745,-12.181222408348493,11.669924809310984,-18.95126265979127,49.38190617832674,Sp1837+1558
36718.14027774278,None,26.19396206094176,14.078142014871558,31.95172968860434,9.433051022527986,66.71814027774278,Sp1837-4755
54822.48818395185,None,-2.3416033372370726,-16.77875063873976,4.178611711059307,-23.041879096311447,35.482248818395185,Sp1839+2952
-0.5,None,-8.83007825119932,-21.056012333085594,-3.4327289637551543,-26.351112759575294,20.940064160949774,Sp1839+4424
10983.324255431313,None,-0.2857385969346954,-14.410512035789251,6.594004919748467,-20.913883793454104,40.98332425543131,Sp1841+2421
40849.58828672481,None,24.86363339619154,13.156250855757449,31.029192445404917,8.157928444425828,70.84958828672481,Sp1841-4347
-0.5,None,-18.44587383889827,-24.729584007106833,-15.480170070962934,-27.581386159796892,-2.510646090054804,Sp1842+6751
35585.34809889532,None,10.549663534126331,-4.633207471449411,18.344564910308943,-11.50788361675605,65.58534809889532,Sp1842-0014
45532.60925602291,None,23.672929404801938,11.583673411473969,30.25151478456363,6.234198968119514,75.53260925602291,Sp1842-3905
33396.26756616735,None,25.90395954313771,15.9573172964163,31.290844939245535,11.568098075490761,63.396267566167346,Sp1842-5114
23804.32468165725,None,5.120447170622101,-9.14972452340819,12.6170710284272,-15.98827472257843,53.80432468165725,Sp1843+1132
84888.48433987712,None,-1.7335129418321251,-14.95271948451355,5.009758564909605,-21.346221411436886,38.48884843398771,Sp1843+2651
-0.5,None,-7.853321288884893,-19.36230557736129,-2.104584953995245,-24.936467978116287,24.674193059232177,Sp1843+4040
38252.114214437184,None,11.358045967907836,-3.193779224806031,19.186185908260054,-10.043711382408983,68.25211421443719,Sp1843-0255
28120.202907803694,None,6.615619654914414,-6.976074694217465,14.259544013259015,-13.856484266628067,58.120202907803694,Sp1845+0711
-35520.67659360176,None,-7.41882548816935,-18.486830138160474,-1.5094362760043412,-24.182409139103065,26.447932340639824,Sp1845+3853
58384.113980633956,None,19.38505775595084,6.736107760650213,26.81735350019514,0.5707514520637711,88.38411398063396,Sp1845-2535
206705.74788086838,None,26.54823270722217,20.20265181412437,30.336140814662315,17.04043317697539,50.67057478808684,Sp1845-6357
51675.409795731124,None,21.34321256514813,9.855743854836177,28.370893889054226,4.077343819422972,81.67540979573113,Sp1846-3250
50146.95550358483,None,21.420723881818326,10.754588015300369,28.34262999396483,5.057252759059708,80.14695550358483,Sp1847-3419
156983.68333997982,None,26.31887048563527,21.713392646280212,29.417958802142387,19.088432924109647,45.69836833399798,Sp1848-6855
23973.88647887382,None,25.58091383155205,24.041487397838544,26.732275218131896,23.030797800616757,32.39738864788738,Sp1848-8214
5748.6153618676535,None,17.823533740885836,7.089045203155087,25.3102034239604,0.8240371018335835,87.48615361867654,Sp1849-2359
856.7027759458448,None,-3.3344293690288853,-13.157106721252353,3.4791624530389407,-19.527949095706045,38.56702775945845,Sp1851+2641
-0.5,None,-16.47710148951082,-22.63478084427258,-12.498518030793244,-26.437158860113197,5.734630613163335,Sp1851+5935
-0.5,None,-14.233395937804227,-21.07125411201267,-9.540865798950287,-25.55770641848937,12.348267687821526,Sp1852+5257
3827.5796001940976,None,9.423782911022032,-1.1202362396858232,17.260783393884587,-7.979827715768694,68.27579600194098,Sp1852-0305
27468.619282905158,None,25.064977463388374,19.28689440858561,29.74069007158846,15.39033872651404,57.46861928290516,Sp1852-5708
43411.1000651605,None,21.995137627727708,14.390428179509064,28.365225969153155,9.116362758050702,73.4111000651605,Sp1853-4107
-0.5,None,-23.59672450415035,-24.81917863983861,-22.806679574048243,-25.5400000413988,-19.154605682876483,Sp1854+8429
27545.137155182736,None,24.804055741001036,19.516705753212555,29.485095303684428,15.605792727653252,57.545137155182736,Sp1854-5704
154076.25676234745,None,25.657198659565868,22.429974622351008,28.71729049653698,19.819914321798706,45.407625676234744,Sp1855-6914
-0.5,None,-18.52126594922168,-22.79530630168964,-15.01391749714506,-26.098636166640944,1.3807666555161915,Sp1856+6356
4362.908237690643,None,10.679656396733877,1.974438487915086,18.517794326006598,-4.8149117393387115,73.62908237690642,Sp1856-0822
233092.91970490996,None,1.808206180760497,-6.178925748755887,9.350229217817201,-12.986687869090177,53.309291970490996,Sp1857+1200
5892.968689598756,None,16.053557627625597,9.072264026979338,23.496259009781,2.781043077755358,88.92968689598756,Sp1858-2420
235433.17939166847,None,1.575928945899783,-5.75660828391913,9.13150724903697,-12.565471948051838,53.54331793916685,Sp1859+1146
100637.37135717091,None,25.443789483341252,23.59602206063158,27.73529003342241,21.61527251914288,40.06373713571709,Sp1859-7435
107115.52422825499,None,-4.9093188597665245,-9.85916032636563,2.1036994915941185,-16.27512393768334,40.7115524228255,Sp1903+2437
961.3962774690527,None,-8.815473297287335,-13.602358154404218,-2.424284602496514,-19.5199901449359,30.961396277469053,Sp1903+3422
-0.1455425982006986,None,-9.172889368138836,-13.9833520328524,-2.8538645685563746,-19.841495846301857,29.98544574017993,Sp1903+3521
42161.214505142016,None,20.449026590149074,16.682562020652597,26.6631384223648,11.451835074681005,72.16121450514201,Sp1904-4229
17662.347084511508,None,-2.237415540755587,-6.84186679187338,5.121916874663255,-13.500167243490784,47.66234708451151,Sp1905+1740
37911.808511807634,None,21.37602761342527,18.10430414008513,27.187515318932572,13.205909761047666,67.91180851180764,Sp1905-4644
-4.850275145955788,None,-11.729967257137597,-14.97433929269906,-5.7582544983457975,-20.49049966100048,25.149724854044212,Sp1906+4011
4057.977323500009,None,7.154360494246342,2.9185102836029317,14.999992816758468,-3.9351953172630183,70.57977323500009,Sp1906-0515
261808.54539428224,None,23.47386852848901,21.356235339554622,27.967038139243243,17.53710475815517,56.180854539428225,Sp1906-5828
305916.6042019609,None,2.7224760500522773,-0.9730161969936796,10.485197711537802,-7.853339607746831,60.59166042019609,Sp1907+0443
1267.2092458297236,None,-5.148135576288063,-8.005332454259467,2.000129377965647,-14.482172081659307,42.672092458297236,Sp1908+2238
188144.138104359,None,-2.791853558172236,-5.301611220151033,4.639386325389719,-11.979287765689008,48.8144138104359,Sp1909+1629
54791.45287565933,None,12.120695026008283,9.430122477651691,19.71186080813758,2.9053498576748034,84.79145287565933,Sp1909-1937
20220.541190607833,None,-2.3169382491534454,-4.602085467311133,5.170634666301674,-11.315523869579543,50.22054119060783,Sp1910+1504
182626.9035289517,None,-3.0959754841088425,-5.452251696773566,4.314916368932559,-12.113496738054181,48.26269035289517,Sp1910+1702
-0.5,None,-17.888342016550947,-19.483079683477943,-13.461226225874421,-23.555343428916864,8.753808902679111,Sp1910+5634
3788.6776597603402,None,4.385545292139341,3.5622618190347284,12.230733230983509,-3.320349178093432,67.8867765976034,Sp1913-0241
-0.5,None,-21.368562290134417,-21.84387352037452,-18.302217366456684,-24.628867202898697,-2.8263995297485187,Sp1914+6808
53992.805769492836,None,14.793476019144268,14.438498201644629,21.87905606028993,8.358540994144455,83.99280576949283,Sp1914-3008
3432.4101992824553,None,2.332099528663809,2.6557864078542988,10.160154205484801,-4.23501029164229,64.32410199282455,Sp1916+0051
300721.3323614824,None,0.3780047571668396,1.01871996217177,8.153079852558829,-5.850248954540609,60.07213323614824,Sp1916+0509
53917.13505730464,None,14.298455912767412,15.055955246035245,21.361861920730085,8.972700912732062,83.91713505730463,Sp1917-3019
53190.883335146114,None,14.169750823205717,15.826074129460324,21.167012653328726,9.783107477389283,83.19088333514611,Sp1919-3115
1087.4545860831681,None,-8.431541980866127,-6.168326595968311,-1.3064381232075708,-12.523757633925582,40.87454586083168,Sp1921+2425
55233.21955881967,None,13.027642605808767,15.593545900274393,20.133625588333675,9.434646946297953,85.23321955881967,Sp1921-2915
26021.28337110164,None,-2.84776071425009,0.7591625162198238,4.860126065618525,-6.04589838582606,56.02128337110164,Sp1923+0917
51490.8927510311,None,13.970391384506572,17.311022329996135,20.827110301519472,11.355781506851631,81.4908927510311,Sp1923-3308
1524.1701247818783,None,-7.433617917518448,-3.6329154600418314,-0.08257502814093597,-10.14756852675313,45.24170124781878,Sp1924+2004
11943.366088205472,None,-8.750607015452761,-5.0082656340160865,-1.5532325887464966,-11.393907272694303,41.94336608820547,Sp1924+2322
-0.5,None,-23.452035670296134,-22.59858397374164,-21.353264119064114,-24.46692594728797,-10.225861387206269,Sp1924+7533
327576.0371826271,None,19.571945779533888,22.476782582587838,24.781623499032772,17.946105125055578,62.75760371826271,Sp1924-5154
283135.9483894068,None,-2.260484173235671,2.0877033342707616,5.498774978102344,-4.749816901219069,58.31359483894068,Sp1925+0700
25685.18590727946,None,-3.4131554307545415,1.0318544595416947,4.29174748360839,-5.763295172471708,55.68518590727946,Sp1925+0938
41488.82813173499,None,16.817245848044188,20.701877187630313,22.88223140281928,15.417830229532225,71.48882813173499,Sp1926-4310
9703.261756474063,None,-10.15165713606496,-5.426103677507462,-3.056932512683628,-11.701873015704674,39.70326175647406,Sp1927+2537
36108.02006435252,None,18.19700645339618,22.22844012894786,23.744952892039013,17.383184308589485,66.10802006435252,Sp1927-4833
22293.339983861664,None,-5.457477424084604,0.22621470333062627,2.1666414659529076,-6.489263357646164,52.293339983861664,Sp1928+1301
1167.5529888987498,None,-9.597565556609426,-4.393626271503578,-2.39555005100895,-10.752829217406441,41.6755298889875,Sp1928+2339
1265.5521224248005,None,-13.567488777830562,-8.620711851125476,-6.984948483255395,-14.43711754478527,31.2655521224248,Sp1928+3403
40729.45669492489,None,16.58498054458019,21.371322439348255,22.569574867983654,16.134806914138064,70.72945669492489,Sp1928-4356
37660.892012266646,None,17.602453863265836,22.022174077536263,23.300675299014173,17.039350179544993,67.66089201226664,Sp1928-4700
24290.003836154043,None,-4.929041881657911,1.36977242032294,2.753670915128024,-5.388330989064489,54.29000383615404,Sp1929+1101
40299.50867476669,None,1.7089696168279611,8.132484711452822,9.545346523161944,1.252647187760478,70.29950867476668,Sp1929-0458
5065.662945257751,None,5.75310717662248,12.489934005512467,13.411732159200549,5.768725768006001,80.6566294525775,Sp1930-1521
249191.71781230843,None,-5.418970864427453,2.3978923132699435,2.2888386491532797,-4.365861777332504,54.919171781230844,Sp1933+1022
155579.38161271764,None,-9.229603971931297,-1.594138275922893,-1.8236490197317057,-8.086584913274773,45.557938161271764,Sp1933+1944
134699.4779011986,None,-10.031636852061713,-2.5053817015491973,-2.7167050680330393,-8.91731194937333,43.46994779011986,Sp1933+2150
43438.867779613785,None,2.2051741193507763,10.263574750497368,10.00598168451889,3.408132675111747,73.43886777961379,Sp1933-0810
55461.93438248955,None,9.916631615146773,18.409435887013718,16.98459527150515,12.165170883080973,85.46193438248955,Sp1935-2846
40131.20297969257,None,0.10793072908361455,9.695113403196356,7.939156749809696,2.810617019895273,70.13120297969257,Sp1936-0455
4907.341396516331,None,3.761218014662652,13.413696153385839,11.438546599137435,6.64564309526866,79.07341396516331,Sp1937-1359
-0.5,None,-18.409190767497975,-10.628858303065146,-12.500299049946372,-15.74931381064476,21.920027753679047,Sp1938+4321
418551.79694460717,None,14.408083902642739,22.86977474144485,20.457460793714514,17.491033953449808,71.85517969446072,Sp1939-4239
267807.2108650902,None,19.03334064563068,25.59866644201478,23.518274761554043,21.611338737821516,56.78072108650902,Sp1939-5750
225928.45190490026,None,-7.877589331398279,2.945605197616305,-0.20617487471333526,-3.7469106535958616,52.592845190490024,Sp1940+1237
171050.7290739369,None,21.260725441351763,26.447732227661326,24.517615889142938,23.556705245214363,47.10507290739369,Sp1941-6733
160394.77053968475,None,-11.080081354967065,0.6232888914265267,-3.6140570459624914,-5.849884924320096,46.039477053968476,Sp1942+1913
433330.4657870768,None,13.31765264110287,23.166723035955613,19.469395833639105,17.66805837771584,73.33304657870768,Sp1942-4115
232339.5290860008,None,19.559245442811946,26.380085360626207,23.59946912900917,22.775411092989934,53.23395290860008,Sp1943-6125
33462.81470377769,None,-4.427389774807621,8.603622357715862,3.4147508453777147,1.7331135392944708,63.46281470377769,Sp1944+0147
153221.0005531573,None,-11.650287287518228,0.5790403240106726,-4.207797376899428,-5.86056581914537,45.32210005531573,Sp1944+1957
-0.5,None,-22.259863571138624,-14.022065704474532,-17.42275739473421,-18.152448051103423,10.827890980818934,Sp1945+5428
5820.295994190961,None,6.831284053947699,19.536298958180694,14.006800025154574,13.124839818020583,88.20295994190961,Sp1945-2557
35575.962414242385,None,15.575487264893656,25.20154664844774,20.991764848040322,20.338793301927236,65.57596241424238,Sp1945-4904
1636.5171213691312,None,-11.717732911968291,1.4789135632965633,-4.226941074596165,-4.9908477466442935,46.36517121369131,Sp1946+1856
4702.842160721439,None,0.6680762503532748,14.744541641245997,8.374808619795523,7.917146059772893,77.02842160721438,Sp1946-1145
18095.91499105923,None,-11.768895412311307,2.9304760051614753,-4.205019683135989,-3.588224413837306,48.09591499105923,Sp1949+1713
105629.72774162937,None,-14.603486256481126,-0.4358051265892831,-7.350986647249525,-6.642817774936119,40.56297277416294,Sp1949+2445
107022.00107254412,None,-14.714535481236364,-0.22079749775212115,-7.451833929945924,-6.430446341736214,40.70220010725441,Sp1950+2436
1078.4344839367925,None,-18.447114025829322,-4.097677318471357,-11.738826439052442,-9.764732203001968,31.078434483936793,Sp1953+3414
-0.5,None,-21.313458052145457,-8.617944873521187,-15.420016949894075,-13.567834933981059,20.89910022397918,Sp1953+4424_1
-0.5,None,-21.315422999167257,-8.616649747085647,-15.422002823547535,-13.566415799792159,20.89830143694868,Sp1953+4424_2
172741.00098278915,None,-13.231183229951533,3.6654428044616325,-5.676996580434253,-2.8016132185667844,47.274100098278915,Sp1954+1801
-0.5,None,-22.53856232601937,-10.700589512433206,-17.122274344038576,-15.239961270299585,15.923460864050954,Sp1954+4923
244349.94194254678,None,-10.584820874859442,7.0434410507579255,-2.8350563509575752,0.35177419670687027,54.43499419425468,Sp1955+1052
4854.0859646637455,None,-0.5926322262889738,17.266119112068466,7.050279406287913,10.448687029372179,78.54085964663746,Sp1955-1316
132425.89821361384,None,21.027627990902772,27.54131290309226,23.732116156681254,25.122269101604655,43.242589821361385,Sp1955-7126
344023.4176136498,None,-6.8692034925045755,11.799903301927603,0.9766944173035665,4.934252431008623,64.40234176136498,Sp1956+0052
20860.42860470453,None,-12.225225712721596,5.660217328532289,-4.5556448780969365,-0.9245890434895783,50.86042860470453,Sp1956+1426
5312.105044570967,None,1.21577856750623,19.14863566986325,8.703301397367197,12.427592607164808,83.12105044570967,Sp1956-1754
111477.5094655043,None,-16.127989007298687,1.4887341355603199,-8.810258341165648,-4.704188623872921,41.14775094655043,Sp1957+2408
1288.580411603752,None,-15.908488676678088,2.6825649819442083,-8.504159246858867,-3.5815716504968873,42.88580411603752,Sp1959+2223
431.6386141842379,None,-18.791218069046568,-1.3233459414721511,-11.834971943916573,-7.145937885635645,34.31638614184238,Sp2000+3057
284152.40712252056,None,-10.499476922203215,10.381129719721766,-2.6781577248041017,3.6139950861765056,58.41524071225206,Sp2001+0647
40479.0562259237,None,-5.638001808231184,15.83441785513723,2.1552748781603537,8.94340068703285,70.4790562259237,Sp2002-0521
399938.87376352533,None,11.116304437838362,27.45729360624585,16.86543122517459,22.14838289109296,69.99388737635253,Sp2002-4433
301830.8133028179,None,14.992759872072627,28.40856918177293,19.766326717553728,24.02079580538524,60.183081330281794,Sp2002-5425
49298.633632219055,None,-2.2304152489943805,19.774424306993936,5.3502723111348915,12.957977600911851,79.29863363221905,Sp2004-1416
440488.03838870284,None,-4.931304207604653,18.073413812529235,2.790267244127652,11.192597148187634,74.04880383887028,Sp2006-0852
287065.7363744977,None,-12.376169813584156,12.389577970651448,-4.544557534565394,5.640453497475701,58.70657363744977,Sp2010+0634
225239.87235783998,None,-15.31827932786593,9.995476706304405,-7.569296748473867,3.422932504365002,52.523987235784,Sp2012+1246
188481.34249253306,None,-16.66782653280578,8.217538088466627,-9.0078474341444,1.773849176207495,48.848134249253306,Sp2012+1627
279325.294410347,None,14.161095065961181,30.326948710523666,18.609559867095843,26.17005140886319,57.9325294410347,Sp2015-5645
179808.25664703062,None,-17.84442105105921,8.602234168747932,-10.198756368872889,2.211450648437912,47.98082566470306,Sp2016+1719
460640.03204833955,None,-6.3962986291578,21.16131064513451,1.248018764036839,14.286112776778953,76.06400320483395,Sp2016-1045
354266.28552334063,None,-11.294884363788558,17.05158396594319,-3.463415064672069,10.202538650660994,65.42662855233407,Sp2018-0007
423042.53862152295,None,-8.45236384653632,20.090043451239644,-0.7213500021012914,13.199054297664697,72.3042538621523,Sp2018-0701
264090.1285666078,None,14.215485848912948,30.891137319528287,18.470732899936003,26.899193514686576,56.40901285666078,Sp2019-5816
-7650.939386659062,None,-24.183921094680944,-0.2255824280688926,-17.481224727417345,-5.596485306673614,29.234906061334094,Sp2020+3603
1300.3554325217863,None,-20.673241033390088,7.18271183087946,-13.183190657702818,1.0381472024799379,43.00355432521786,Sp2021+2216
448789.0086598192,None,5.821155107794361,30.29331853827234,11.85090566000155,24.55424601626529,74.87890086598192,Sp2022-3944
415355.4554007036,None,7.156090858731289,30.926083551129178,12.899034399920982,25.444066948061792,71.53554554007036,Sp2023-4305
436976.40185658284,None,-9.342825761797199,22.34657938973066,-1.668800173712875,15.456384036899658,73.69764018565829,Sp2025-0835
305111.60700689745,None,-15.24311407546645,16.808989503394386,-7.397195027308192,10.061872368279463,60.51116070068974,Sp2026+0439
544064.3732552928,None,0.40263207462943906,29.214947337686535,7.125519547844876,22.845815924346155,84.40643732552928,Sp2026-2943
9298.675038927122,None,-22.976974387045683,6.360418740282356,-15.628692834627167,0.4357714409813048,39.29867503892712,Sp2027+2555
353299.96992678614,None,-13.580995149943572,19.361020904735017,-5.7604696089759395,12.527821122233366,65.32999699267862,Sp2028-0010
-0.5,None,-28.610522613863342,-10.177532552590934,-24.045518704270687,-13.741761046988104,7.425936572797601,Sp2029+5750
243763.74276597323,None,-18.79910628642179,14.895795641432084,-10.988000992581826,8.339599833824554,54.376374276597325,Sp2031+1052
-0.5,None,-27.627025508642042,-1.3506909600046033,-21.352339517878352,-6.218659130355197,23.346723528203945,Sp2032+4155
153820.78653344273,None,17.378789799719172,30.93169609523775,20.250501810854715,28.275181753176582,45.38207865334427,Sp2032-6918
6879.07314666559,None,-24.960131445924183,6.186364889873103,-17.716099292519406,0.4418885352164218,36.87907314666559,Sp2033+2823
3943.513083368849,None,-25.697357042210754,4.5878303501705995,-18.623184349693368,-0.9837681007576478,33.94351308336885,Sp2033+3119
268239.3411121711,None,-18.587429061147425,16.761838969547927,-10.750761642795698,10.14221889980164,56.82393411121711,Sp2034+0827
-0.5,None,-28.77218213948541,-3.7976988940901406,-22.985132218042338,-8.245198873031285,18.146230853483814,Sp2034+4708
534850.1450691725,None,-0.612165631058611,31.440230095720278,5.952113255798192,25.120044857657202,83.48501450691725,Sp2035-3110
408688.9991375733,None,5.542235255585882,33.20312769125443,11.130026077370944,27.758784745176143,70.86889991375733,Sp2035-4349
440687.7570036171,None,-11.662093115878235,24.90766883405659,-4.0296550992841835,18.016739998863496,74.06877570036171,Sp2036-0847
469155.80037911865,None,-10.423540858862754,26.09067398808988,-2.881691453857017,19.207418508189914,76.91558003791187,Sp2037-1137
443704.41044796706,None,3.3013044728352297,33.528353866208775,9.157584067365793,27.79532438615418,74.3704410447967,Sp2038-4020
32323.76805795825,None,9.265259458928663,33.75555439311175,14.029316284213015,29.12200920455015,62.32376805795825,Sp2038-5223
552654.1005728636,None,-2.227466937797305,31.935685386096154,4.420003765898486,25.51716519175844,85.26541005728636,Sp2039-2926
28.61356648183971,None,-27.968918359442437,5.71585267202474,-20.927766290119084,0.29031790009868097,32.86135664818397,Sp2042+3225
402785.71857220255,None,-14.71867924813033,24.723818035238267,-7.007493026272038,17.853720808116936,70.27857185722026,Sp2042-0500
436343.80140646326,None,-13.079705991462216,26.000441229693283,-5.454868548063912,19.110797194102563,73.63438014064633,Sp2042-0821
19977.782977650102,None,-23.40478991731067,15.406410596379052,-15.64393573522382,9.086313636282377,49.9777829776501,Sp2044+1517
211619.45657049713,None,13.742424174558055,33.31640765659734,17.253822703421214,29.96263176139739,51.16194565704971,Sp2045-6332
20876.577761247772,None,-23.70775429825751,16.467673708267867,-15.9248457428395,10.125133007305312,50.87657776124777,Sp2047+1421
433109.5008771352,None,-14.326039486539054,27.096707392543298,-6.714105136960791,20.2095287423591,73.31095008771352,Sp2047-0808
29621.713949904206,None,-29.23136998689582,6.8869681765695105,-22.159435633847984,1.505562883426941,32.96217139499042,Sp2049+3216
162.82294346389534,None,-29.547864120448367,6.157898859975748,-22.562859614773412,0.8637247659796656,31.628229434638953,Sp2049+3336
521519.50552260474,None,-10.403405514710226,30.96120766480386,-3.1535612365157064,24.126331205894985,82.15195055226047,Sp2049-1716
545049.1756576566,None,-9.051324163925663,31.612127871631156,-1.917680885432068,24.82611640170466,84.50491756576567,Sp2049-1944
299997.77532312187,None,-21.37594588855593,22.271857278254785,-13.535996948899767,15.626556230697389,59.99977753231219,Sp2052+0510
-0.5,None,-29.919564097005853,-15.094168716817519,-27.157449166353345,-17.21924961045982,-5.814289605823489,Sp2052+7104
571187.9619789305,None,-7.801788719303758,33.245254870933664,-0.8775275550207113,26.549924818196427,87.11879619789305,Sp2052-2318
366452.954527731,None,5.0920734477836325,36.20559018579633,10.16942587056347,31.1243450345893,66.6452954527731,Sp2052-4758
20164.991342716574,None,13.470267408965238,33.927176052269665,16.822427621843733,30.710892787192947,50.164991342716576,Sp2052-6431
321282.347913441,None,-20.73617623287599,23.533409060111346,-12.91296427198011,16.832865103281733,62.1282347913441,Sp2053+0303
1911.0504313718302,None,-30.291765992179382,6.988360763251016,-23.274614517207645,1.710216190028127,31.91105043137183,Sp2053+3319
30499.639069925408,None,8.22375275444622,35.82085848590741,12.697339844420194,31.384051957362132,60.49963906992541,Sp2053-5409
381208.0267600659,None,-19.052082568706027,27.204685223062416,-11.334983199612061,20.385839906709514,68.12080267600659,Sp2057-0252
520847.23842603195,None,-4.404850370153028,36.90960276635088,1.858279424258922,30.60915026885575,82.0847238426032,Sp2100-3236
321598.69109194516,None,-22.41552105244352,25.105426116359496,-14.600824371668624,18.433302494124703,62.15986910919452,Sp2101+0307
279065.4161854294,None,-25.008531145832645,23.750388572015297,-17.164980851661234,17.232556498108426,57.90654161854294,Sp2104+0722
42.671079762175026,None,-32.128801950462865,10.230820016834075,-24.930346586056864,4.906520847624151,34.2671079762175,Sp2104+3100
459062.8435447641,None,-16.737091192285522,31.86685014489831,-9.285492815690963,24.977355822056758,75.90628435447641,Sp2104-1037
-0.5,None,-34.08446257351004,-0.19558025320690095,-28.360122048391315,-4.280910373857586,17.00510790322355,Sp2105+4816
520799.8646106385,None,-14.080796312527811,34.63102446650348,-6.917935783733651,27.7698643516013,82.07998646106385,Sp2106-1650
439575.5733233689,None,-0.9167007263495431,38.76716216308845,4.666344836906947,33.02643256208543,73.95755733233689,Sp2106-4044
383821.53058628505,None,-21.0685198666147,29.46558893854966,-13.387187230666742,22.663529225585254,68.3821530586285,Sp2107-0307
507130.5733705125,None,-4.899185032289637,38.5505212737829,1.2019202031608165,32.31710056097391,80.71305733705125,Sp2107-3357
389624.87679715554,None,1.658163344546104,38.948210028908726,6.800784131512137,33.650219746561454,68.96248767971555,Sp2107-4544
29012.914807820216,None,6.93467243979751,38.04713571065047,11.113159690648715,33.81153029139867,59.012914807820216,Sp2110-5540
-0.5,None,-26.84136096746875,-21.696632913754875,-26.0642091302395,-22.321408011820463,-19.177100584945848,Sp2112+8427
314578.8671649746,None,-26.064353008969057,28.083638368594194,-18.26519664782115,21.494164716937558,61.45788671649746,Sp2116+0341
125529.66019316684,None,-32.75985976227781,17.39103204337073,-25.128711472078567,11.676879408123929,42.552966019316685,Sp2116+2238
765.4183709218643,None,-35.47290921526918,10.289390655990143,-28.46520254780797,5.324160047907205,30.765418370921864,Sp2117+3428
395572.9435708447,None,-0.23208207030496472,40.85389534408707,4.86273863901733,35.49892473930772,69.55729435708447,Sp2118-4505
248710.14265251972,None,-29.775902899173378,25.434771454781437,-21.93013865015864,19.133121888832193,54.87101426525197,Sp2120+1021
431694.8845885922,None,-2.7066354142399827,41.49511600789517,2.6692238688632592,35.811235954204314,73.16948845885922,Sp2120-4130
975.6085931455502,None,-35.86491970374255,17.546353771986507,-28.319062294940597,12.108184198939158,39.7560859314555,Sp2126+2531
530045.3104447855,None,-9.473447061284302,42.31566221892752,-3.398933817517177,35.91579905601582,83.00453104447855,Sp2126-3143
3054.7171553125454,None,20.1834870006742,29.44496013770604,21.288438533506948,28.475085564711442,33.054717155312545,Sp2126-8140
184017.8818559975,None,-33.66027941002052,23.039955298328145,-25.85993056366978,17.1138791180226,48.40178818559975,Sp2127+1652
-0.5,None,-36.68148189534109,-2.6550184113546558,-31.885029170162436,-5.923661828082117,9.388585918768488,Sp2127+5553
424736.1870999042,None,-3.2288529936282897,42.67550461146636,2.0155736583015673,37.05881782252435,72.47361870999042,Sp2127-4215
9587.484254223958,None,16.521199495078893,32.84252147652895,18.42986932800609,31.08024304176789,39.58748425422396,Sp2127-7508
19548.666038423817,None,10.682133194838626,37.276850193328634,13.724385043012775,34.26654227706809,49.54866603842382,Sp2128-6510
440048.69082491565,None,-23.30652446789291,37.10794686161756,-15.928153846681532,30.256960667146767,74.00486908249157,Sp2130-0845
215544.02155019646,None,-33.641560950482614,25.83062331633993,-25.802096828285258,19.7793185751142,51.554402155019645,Sp2132+1341
118859.78719252194,None,-36.732185856505176,20.002323393763447,-29.087536213767244,14.49964849439847,41.88597871925219,Sp2133+2321
11171.855835429831,None,-37.22321679547919,19.804346929064575,-29.601061572149156,14.35977025012815,41.17185583542983,Sp2134+2404
-339.62980300961584,None,-39.137844970682295,10.011531607106146,-32.429538016857244,5.517521990531882,26.60370196990384,Sp2134+3838
537337.8431193446,None,-11.69613063729689,44.20104399457773,-5.647043864099118,37.72865441878622,83.73378431193446,Sp2135-3040
526126.6361534618,None,-10.83314682502891,44.16682315164594,-4.864369182436135,37.76389964331436,82.61266361534618,Sp2135-3153
20351.390588543956,None,-35.17003799716951,26.09915900483574,-27.33544710045051,20.152904894850714,50.35139058854396,Sp2137+1450
405808.6533550282,None,-26.401580354405162,37.13751048976804,-18.926354287059848,30.363889167392394,70.58086533550282,Sp2137-0527
17301.67394267962,None,11.266616186762555,37.21196153841792,13.998972283401303,34.52771348950753,47.30167394267962,Sp2137-6723
14464.184208585351,None,13.026885028804823,35.87199491907903,15.44768664114352,33.54349899863549,44.46418420858535,Sp2137-7014
-0.5,None,-38.76093023765949,0.5151296656562229,-33.61047689068739,-2.8783418107119676,12.282720178194856,Sp2138+5257
-43.60998030532443,None,-40.060172070522306,10.022414374121526,-33.42940761664854,5.648487600173303,25.639001969467557,Sp2139+3934
359503.4206207949,None,-29.309561365494286,35.52247040948959,-21.683600350288593,28.893839794996588,65.95034206207949,Sp2140-0050
33365.39475165858,None,0.5754747085758863,43.61451273339436,4.867863490307363,38.97174599057819,63.365394751658584,Sp2141-5118
1114.1594834655634,None,20.831292250074352,28.77359572576116,21.65191468724545,28.068346959546677,31.114159483465563,Sp2143-8337
538792.6579346807,None,-20.485848562981236,43.82948902238478,-13.742065897588912,36.956829785075165,83.87926579346806,Sp2144-1847
-20753.84196230388,None,-41.417606899424115,12.590570027718682,-34.58133044770111,8.147921392239299,27.924615803769612,Sp2146+3719
304652.58772293467,None,-33.837427829428854,34.3308721757401,-26.08862547038998,27.980242091812606,60.46525877229347,Sp2148+0447
286025.678659659,None,-34.71354407903935,33.31891382539587,-26.927847818382663,27.058246151175307,58.6025678659659,Sp2148+0639
26647.6342423626,None,4.263262865697138,42.35952054482527,7.8456897292042935,38.5707294881325,56.6476342423626,Sp2149-5805
18560.753237361132,None,9.53786481020326,38.8772207188407,12.303844660424286,36.110423121082206,48.56075323736113,Sp2150-6610
117973.44072041441,None,-40.76180894683457,23.022542067511516,-33.0837731258208,17.73157739280857,41.79734407204144,Sp2151+2328
469527.7227979629,None,-25.90942225085734,42.888225324479265,-18.820568981788625,36.02684120044458,76.95277227979629,Sp2151-1141
444470.3491092795,None,-7.961943816825447,47.35864994565644,-2.835315017839159,41.580929905942924,74.44703491092795,Sp2151-4017
54287.80279921625,None,-42.43660243476608,19.014682371748513,-35.04742283177682,14.1650190519304,35.428780279921625,Sp2153+2950
39627.28085718358,None,-5.349925103872674,47.41934250093482,-0.6780200546149368,42.12983694921914,69.62728085718358,Sp2156-4505
-0.5,None,-32.61951512884966,-14.465398501343698,-30.712767464213684,-15.818381095595267,-10.36829888636061,Sp2157+7537
568905.1023587915,None,-17.463338143898856,48.61092525876481,-11.439848866396325,41.947561770984414,86.89051023587915,Sp2157-2726
2913.454125301898,None,1.6826047238370476,44.44398613014693,5.40916502244361,40.39500489198742,59.13454125301898,Sp2157-5534
-0.5,None,-39.99449724239926,-1.7167890193725248,-35.674283446843056,-4.464032079904965,6.6452957325017445,Sp2158+5836
509507.6288263806,None,-24.822542271508873,45.95614332127806,-18.03425311696426,39.06639925179917,80.95076288263806,Sp2158-1550
-0.5,None,-41.21362755187926,0.7404853721926451,-36.48759445389698,-2.2138335868557912,9.644686389185422,Sp2200+5536
36891.5388158391,None,-33.49886773277194,40.61347000698231,-26.014239632586172,34.06452037554388,66.8915388158391,Sp2201-0145
-0.5,None,-42.205186991037806,2.827560382216274,-37.15043022001955,-0.29054077794748495,12.13278370461522,Sp2202+5305
2790.1459554383487,None,1.891869329710059,44.747962894594934,5.437418708417055,40.89170685125443,57.901459554383486,Sp2204-5646
46149.05513463782,None,-29.14141383140942,45.88137179354054,-22.148646900625074,39.055746106365206,76.14905513463782,Sp2205-1104
55564.51281540369,None,-23.259267794423778,49.279400993301564,-16.880108590533297,42.413529832139254,85.56451281540369,Sp2206-2047
42371.19292996344,None,-8.668019513173375,49.87355422634496,-3.9017310076355947,44.32106619104596,72.37119292996344,Sp2206-4217
4754.919491313159,None,-12.643597115453144,51.13677753674652,-7.499218682603462,45.096450087770904,77.54919491313159,Sp2209-3707
44826.20003634064,None,-31.072445080190892,46.44366490983253,-24.046988376867922,39.667319470340516,74.82620003634064,Sp2210-0936
4198.060304998078,None,-9.21295069595975,50.99966843813114,-4.578826797598865,45.5194368131044,71.98060304998079,Sp2213-4245
2988.7103142137576,None,-0.43586756954474265,46.81917761422489,3.1710155968458307,42.79047362666461,59.887103142137576,Sp2213-5451
2104.164437095644,None,6.022384500082245,42.30719083669473,8.82294719900116,39.39730446791808,51.04164437095644,Sp2213-6342
48590.50622133044,None,-29.559982425654063,48.852523884073115,-22.797815087727844,42.00218971436331,78.59050622133044,Sp2214-1319
49870.833915568015,None,-29.605400360628664,50.41928610994897,-22.983554567207186,43.55494874926808,79.87083391556801,Sp2219-1440
232487.5266089421,None,-44.289644494173785,36.23399488727897,-36.47485932235125,30.621814565073617,53.24875266089421,Sp2221+1158
-0.5,None,-42.77861415918249,-0.01815707108974949,-38.65731059911789,-2.47639663303334,6.295307361617944,Sp2222+5857
2739.525811315115,None,0.5441104443222642,46.72230805384237,3.8257460176249314,43.0835019769789,57.39525811315115,Sp2222-5719
126903.13819645056,None,-48.11054541860461,29.113476966505736,-40.34657868984261,24.22846335618192,42.690313819645056,Sp2224+2230
4558.74313094686,None,-13.337462098742215,53.79766439595184,-8.560966690390414,47.96250619965036,75.5874313094686,Sp2224-3901
-0.5,None,-41.99081025578663,-1.9170552315764195,-38.291446183827716,-4.135724655449813,3.5631389641974525,Sp2226+6139
966.4062038834721,None,13.635720262192322,35.90190077230463,15.23420100652477,34.42009110181407,39.66406203883472,Sp2226-7503
48424.417997450175,None,-32.133847177556255,52.03843397248109,-25.545918388777856,45.21457362541535,78.42441799745018,Sp2228-1325
41966.3809552289,None,-36.49209389567071,49.29546648516972,-29.497652338450482,42.70287140879324,71.9663809552289,Sp2229-0650
3719.6893888474306,None,-7.610199154653207,52.21388207096459,-3.5907278997157586,47.37563135596418,67.1968938884743,Sp2229-4728
5060.52402315838,None,-17.96324196330155,55.82924464047417,-12.896105263037997,49.54427195766653,80.6052402315838,Sp2230-3358
3095.411252516459,None,-2.8389059836136945,49.43835428529894,0.657369599879992,45.4066685034517,60.95411252516459,Sp2230-5344
26050.563440136557,None,-45.45904163638184,40.014423792369726,-37.72918873902017,34.363996072521985,56.05056344013656,Sp2232+0909
12.484219542165604,None,-51.12303526559117,21.406531722006346,-43.97837704280984,17.431406846339772,31.24842195421656,Sp2233+3359
-5536.449322191465,None,-51.02158375927515,19.951157889445096,-44.036162886959524,16.094960623264736,29.446355067780853,Sp2233+3547
11241.892858179199,None,-50.54398583235489,29.392648065741508,-42.810668526995194,24.762572355102993,41.2418928581792,Sp2234+2359
5717.797992299297,None,-23.32902659359536,56.60815107922255,-17.812515930975014,49.89770957100236,87.17797992299298,Sp2234-2720
30927.234535290212,None,-43.972285886406766,43.94318803592622,-36.43545199604286,38.02819963865613,60.92723453529021,Sp2235+0418
165721.84346327872,None,-49.696875683656764,33.713489526532875,-41.85641063951219,28.752990904853263,46.57218434632787,Sp2235+1840
-412.27494259814466,None,-51.31957663356867,17.446864940930183,-44.70189277971229,13.886436040753038,25.877250574018554,Sp2237+3922
-0.5,None,-50.4592118479556,13.764979957581458,-44.375225476777274,10.50612289618912,21.367539658690198,Sp2238+4353
-0.5,None,-51.763132003223994,17.019737281464547,-45.25916169601643,13.57330130688935,24.942308893525432,Sp2240+4018
4185.929981690333,None,-12.35648033935084,55.67342298109846,-8.134466709376696,50.34385466756047,71.85929981690333,Sp2240-4253
5174.910813051092,None,-20.189899632223916,58.16389786052717,-15.223938658723108,51.80822867758404,81.74910813051092,Sp2241-3258
2548.8429863453975,None,0.4717457261501753,47.64290076290307,3.356819218594599,44.442875536021724,55.48842986345397,Sp2241-5915
2342.0301061654527,None,2.134669425065519,46.302240731683035,4.848877252142165,43.359052456090595,53.42030106165453,Sp2241-6119
974.0376210118782,None,12.96306925567014,36.60942385925045,14.4686634857346,35.2190304974393,39.74037621011878,Sp2241-7500
95304.09908899636,None,-52.7429504527881,29.241373545020306,-45.06136994687292,24.878089518727087,39.530409908899635,Sp2242+2542
2520.380398994885,None,0.5911318540715195,47.60024077784554,3.4360930064350623,44.450887986821996,55.20380398994885,Sp2243-5932
5385.067053056476,None,-22.313599584290458,58.986148997640825,-17.23299482688749,52.465343306548625,83.85067053056476,Sp2244-3045
-0.5,None,-45.995422136075504,2.585915159360646,-41.91567696139781,0.33197077281458165,7.394974507370031,Sp2245+5750
152876.3579932005,None,-52.57864961921073,34.42703227017991,-44.742415798236884,29.748990647589046,45.28763579932005,Sp2247+1955
718.0394318029123,None,14.771663541801125,34.85264301160632,16.00545819373792,33.751686167730234,37.18039431802912,Sp2247-7733
3107.5071872239805,None,-54.414494787071085,24.803826745654504,-47.11367664906887,20.975177666421004,33.10750718722398,Sp2249+3205
2895.0136815163646,None,-3.0712514371821107,50.767459300977286,-0.014045571962712082,47.21688600862757,58.950136815163646,Sp2250-5543
2800.4781617513195,None,-2.2500082356894513,50.11232880794453,0.7384809441677198,46.679301857821834,58.004781617513196,Sp2250-5640
5232.323892306706,None,-33.36492507117546,58.74204159673251,-27.414576521864042,51.87730800380413,82.32323892306705,Sp2252-1730
3664.010908741922,None,-9.575565814918333,55.465081461841336,-5.956098925903119,50.91580257873687,66.64010908741922,Sp2253-4801
5567.718145122588,None,-25.313110482083275,61.21920565760326,-20.254399916953712,54.563103513024494,85.67718145122588,Sp2254-2840
2750.6911930313768,None,-2.2125872011724907,50.30441163175804,0.6635525333152654,47.005480120141335,57.50691193031377,Sp2255-5713
3468.078148523119,None,-46.25716148773299,50.35993747943899,-39.094887862656115,44.47324371911544,64.6807814852312,Sp2256+0031
-0.5,None,-40.17393767516557,-6.456996749267627,-37.73846920127379,-7.9034391834077695,-3.65717985549601,Sp2256+6854
4420.092989796063,None,-16.12604538485643,59.42046257821104,-12.001434700139841,53.91429029547403,74.20092989796063,Sp2257-4030
3808.419763104112,None,-11.16743729540035,56.85435493908411,-7.518764361382207,52.16975801714517,68.08419763104112,Sp2257-4638
3399.8440903638107,None,-47.11080210140128,50.28061707691008,-39.926620659302905,44.477837343352334,63.998440903638105,Sp2258+0113
-0.5,None,-32.14631323502033,-16.261912188399837,-31.120318921337848,-16.949726981464774,-14.969026629526757,Sp2259+8013
3040.2743177137545,None,-4.897273754327021,52.57986549825157,-1.8528026824378756,48.9569177506731,60.402743177137545,Sp2259-5420
14235.062934614924,None,-56.48832470737598,35.753321733826056,-48.65366088917161,31.46700194373144,44.23506293461492,Sp2303+2100
402.72086402411173,None,-44.62547734530043,55.8058136651718,-37.97683666632034,49.6515399458798,70.27208640241118,Sp2306-0502
345.9353376719855,None,-9.073439719662282,56.14777773874622,-5.837198749190706,52.0672968555689,64.59353376719855,Sp2306-5008
571.4107121428138,None,-28.13789001874042,64.15490346188234,-23.23871180740299,57.42072160815304,87.14107121428138,Sp2308-2722
530.2454961275728,None,-35.85490523504372,62.976452337677195,-30.277751584739775,56.13264967293355,83.02454961275728,Sp2310-1759
-0.5,None,-40.74414255303396,-6.418477078636253,-38.58150422716151,-7.656232632800748,-4.427632304526246,Sp2314+6939
415.15891141351506,None,-45.33917659851551,58.52509303212175,-38.95699008647847,52.390422491347174,71.5158911413515,Sp2315-0627
561.5772982408562,None,-33.87472795416393,65.4824934673739,-28.7236907456509,58.592019100547446,86.15772982408562,Sp2316-2141
-0.5,None,-44.81652773187496,-1.495949856180011,-42.01299438723023,-2.9918815048687315,0.8363458394407811,Sp2317+6423
377.3238080020033,None,-48.26492753567713,56.2697059895263,-41.60086023689285,50.47164836380123,67.73238080020033,Sp2317-0236
-0.5,None,-35.46274283764499,-12.731207290205424,-34.17048247176377,-13.528042610436103,-11.517739288633008,Sp2319+7645
486.03502910712024,None,-41.0319155450924,63.50713619333079,-35.319436608107885,56.92196932467896,78.60350291071202,Sp2321-1326
531.3674689678749,None,-26.447011912504315,66.96071633666936,-22.168648055875085,60.55530528325622,83.13674689678749,Sp2322-3133
264.5726663175527,None,-3.319877300288413,52.225164850461994,-0.9402399215675342,49.5003988650123,56.457266631755274,Sp2324-5817
-0.5,None,-58.911551241882684,18.78034137557458,-53.040299219591695,16.292334860280842,22.385350707354284,Sp2325+4251
529.360133421915,None,-38.57595303558961,66.69232180398613,-33.345970064653024,59.9090653818387,82.9360133421915,Sp2327-1741
817.4670568511686,None,-63.18550643477796,33.46733409933697,-55.51916223516698,30.1699337598798,38.17467056851169,Sp2329+2704
-0.5,None,-57.71914745775842,15.726070419900157,-52.449323322433074,13.491204468130427,18.803988759293865,Sp2329+4626
513.5200688938392,None,-40.17045743723377,66.5853235483043,-34.8697986880863,59.894739527585486,81.35200688938392,Sp2329-1607
306.04573902672547,None,-7.302914051523153,55.862927789953275,-4.7167153869669045,52.70555201722694,60.60457390267255,Sp2329-5408
371.36105151360243,None,-13.173054221958212,60.70410971576702,-10.165912510443198,56.650091925542355,67.13610515136024,Sp2330-4736
193.59586084474165,None,-61.386520240895955,43.66133545575463,-53.639742660096154,39.68626175340831,49.35958608447417,Sp2331+1552
393.28271842174206,None,-49.65155256189658,59.75846156823988,-43.36137059248306,54.09001272525059,69.3282718421742,Sp2331-0406
567.7505329852631,None,-30.597640138498463,69.27677767387844,-26.240450779252022,62.567720946431876,86.77505329852632,Sp2331-2749
-0.5,None,-37.45308024219128,-10.716115408292387,-36.078061525368994,-11.514622100387838,-9.692635932710441,Sp2333+7456
564.5996367380662,None,-36.19941573401626,69.26155788393935,-31.42417818210562,62.37708584518924,86.45996367380663,Sp2333-2133
156.573847688406,None,-63.304910651435335,40.766602975683284,-55.46897939564555,37.1302582254535,45.6573847688406,Sp2334+1933
375.4815407349138,None,-51.608040793280594,59.213414482964396,-45.251616018396746,53.80083744261861,67.54815407349138,Sp2335-0223
166.05370277187058,None,-63.39029348713232,41.80260568171434,-55.57329006126813,38.144768599494064,46.605370277187056,Sp2336+1835
132.93934417945798,None,-64.32778470258148,38.87540550282319,-56.484999585263964,35.44709147827877,43.2939344179458,Sp2336+2153
-0.5,None,-60.16562031769717,18.427804479031234,-54.6357006021402,16.228841699349083,21.115972125890412,Sp2337+4405
446.06782712648936,None,-46.522634534401675,64.58373586289942,-40.84832261891127,58.51239526170805,74.60678271264894,Sp2337-0933
-0.5,None,-46.69784328812364,-0.1803560645648499,-44.11275841101969,-1.4581255731360696,1.3454130375875253,Sp2338+6352
476.9195252203434,None,-44.18472431083556,66.8306090321559,-38.82701364600989,60.48069856108889,77.69195252203434,Sp2338-1246
549.5561751667074,None,-37.73152161769622,70.12528020788635,-32.99847151304,63.26904989299061,84.95561751667074,Sp2338-2029
372.09981588745063,None,-13.935592956568689,61.79449091120037,-11.069367297014688,57.87888558725808,67.20998158874507,Sp2338-4726
635.376409366195,None,-64.26569693750959,26.949032384979752,-57.396680500185674,24.345220413619295,30.06353764093662,Sp2339+3507
553.4391978589583,None,-30.799346411949514,71.79960082879198,-26.8303559106762,65.2091303799212,85.34391978589584,Sp2343-2906
220.00400049052487,None,-63.13443315230693,47.508671758081746,-55.60280469517162,43.71323622608696,52.00040004905249,Sp2344+1312
427.2292682155407,None,-49.13615929066512,64.49864330364335,-43.45330446730499,58.76915204858146,72.72292682155407,Sp2344-0733
-0.5,None,-43.81969661186989,-3.818948231625057,-41.832809037506735,-4.82762364473082,-2.7351263169219795,Sp2345+6758
237.44793697195712,None,-62.698428540707766,49.278186498089525,-55.31338391361862,45.41611686337183,53.74479369719571,Sp2346+1129
820.5162109326707,None,-67.2814966264849,35.122854012256056,-59.604479290700596,32.290635857074854,38.20516210932671,Sp2347+2702
418.7477268483884,None,-50.42694077232898,64.49222740360167,-44.75774153418119,58.95337246268109,71.87477268483885,Sp2347-0638
531.6540121313834,None,-29.08645233447951,72.2629211346843,-25.412483796838963,65.98206645856155,83.16540121313834,Sp2348-3134
489.7599611739763,None,-44.860146004000754,69.55327665546604,-39.873331202234425,63.26708149676249,78.97599611739763,Sp2349-1344
271.3844129693072,None,-61.54383217620586,52.720024480716546,-54.505954548836414,48.713499791273016,57.13844129693072,Sp2350+0806
50653.688073358506,None,-67.8371436172432,32.45277791296696,-60.42651554964719,29.886322672216767,35.06536880733585,Sp2351+3010
553.7992969060033,None,-39.684970217462855,73.16858201844651,-35.30381204131849,66.36581171501253,85.37992969060033,Sp2352-2009
437.8662737752947,None,-49.75971714099209,66.92543898305264,-44.43545811411638,61.326286858369244,73.78662737752947,Sp2353-0833
641.844390379228,None,-68.76575414778966,33.98529632151787,-61.22891320704855,31.4410689714845,36.41844390379228,Sp2354+2849
540.4258400954149,None,-41.0609608435232,73.18772309612093,-36.64322512461191,66.47962965645033,84.04258400954149,Sp2354-1852
514.5644233232645,None,-28.051981858364236,72.75116637669966,-24.634141905087425,66.78264717237981,81.45644233232645,Sp2354-3316
215.51686470229413,None,-0.36286356145802606,49.90935550226228,1.2891846929101225,48.21266873747284,51.55168647022941,Sp2354-6312
267.49657195097285,None,-5.256657906875885,54.64329435215032,-3.325669175246523,52.46800781328454,56.749657195097285,Sp2355-5800
502.5873495162469,None,-27.161338221440943,72.5943354294916,-23.869225140249924,66.85375694867528,80.25873495162469,Sp2356-3426
462.4089066986402,None,-23.50876948022668,70.41717270991708,-20.483211490601676,65.43063624190411,76.24089066986402,Sp2356-3827
-49609.76948792613,None,-65.33872310690612,23.27708789205835,-59.46523942946019,21.315058677707462,25.039023051207387,Sp2357+4011
-0.5,None,-53.244531347970465,6.638513734438247,-50.162977665804924,5.357592349485664,7.771946596673455,Sp2357+5727
219.76170009688167,None,-0.948295491017307,50.510429923159464,0.6691920280299689,48.85138660404109,51.97617000968817,Sp2358-6245
115.64362580346284,None,-69.70534036796258,39.19908661002767,-61.87403359671588,36.50457345891,41.564362580346284,Sp2359+2338
549.2831585234226,None,-40.48954587377367,74.74275050559812,-36.314541588437116,67.97473698185807,84.92831585234225,Sp2359-2007
548.9300532473954,None,-31.888527007725216,75.02248817858924,-28.35454850259101,68.5381620095155,84.89300532473955,Sp2359-2932
