priority,set or rise,alt set start,alt rise start,alt set end,alt rise end,max_alt,Sp_ID
479.25242252148763,None,-46.51413953772324,70.27610200878541,-42.94225082143584,65.79606117593916,77.92524225214876,Sp0000-1245
196.23210911562188,None,-66.85277414348538,46.60254210938779,-61.174684917718984,44.26829852175754,49.62321091156219,Sp0001+1535
339.2579446954815,None,-58.12300026573687,59.63011059659963,-53.559102490984074,56.45250706559065,63.92579446954815,Sp0002+0115
-0.5,None,-52.41139064398039,5.527735684522935,-50.326204152857585,4.676189863465695,6.510247676606635,Sp0004+5843
520.4903074417887,None,-43.20423628461539,73.70696642877925,-40.01137571424421,68.8733421988082,82.04903074417886,Sp0004-1709
555.9624013434341,None,-39.77518578097331,75.21344592717976,-36.79513500077178,70.11009783258498,85.5962401343434,Sp0004-2058
438.96551583100404,None,-21.649210649467427,69.41571976638699,-19.616723308039386,66.14465688424193,73.8965515831004,Sp0004-4044
328.4635061281722,None,-59.37633861331251,59.087778201870094,-54.78832349542438,56.06911313350085,62.84635061281722,Sp0005+0217
562.425733817495,None,-39.006744676522395,75.73370554155017,-36.106132949970046,70.59428461846771,86.24257338174951,Sp0005-2157
304.57929535205636,None,-61.35088570017127,57.13708712710142,-56.589860064583426,54.32370173515359,60.457929535205636,Sp0006+0439
425.5143450168282,None,-51.75810090707064,67.58607381208911,-47.97951733666524,63.77265667948192,72.55143450168282,Sp0006-0732
573.3002104689849,None,-36.40263066398366,76.47087696163761,-33.691070439564356,71.31808759666768,87.3300210468985,Sp0007-2458
59.972501175809114,None,-70.84948915293376,34.29562237389585,-65.24458015389511,32.691063730521066,35.99725011758091,Sp0008+2911
-0.5,None,-60.32395593342535,14.822079311986851,-57.30511684149182,13.791289890273873,15.89993761280543,Sp0008+4918
-0.5,None,-55.89860935236559,9.383820702461854,-53.50554057936852,8.488054184027042,10.3232723996809,Sp0008+5453
42.906433361161845,None,-52.0445436900796,68.34619922406165,-48.37774051226333,64.61429369920967,72.90643336116185,Sp0010-0746
55.29510678576594,None,-40.72180972076037,76.23730980294744,-37.84086402609563,71.18035706410701,85.29510678576594,Sp0010-2031
-0.5,None,-52.565058849566064,5.333250796757662,-50.63778721148822,4.57419057830401,6.091207999656279,Sp0011+5908
51.01557067058312,None,-28.782932922137995,74.98980575964438,-26.564491627908744,70.76469345706052,81.01557067058312,Sp0011-3334
-0.5,None,-58.584864483743935,12.343892158763255,-55.948222939341456,11.427323298578198,13.246975784797046,Sp0012+5159
-49701.980571811575,None,-67.14521564799546,23.85324600105568,-62.973905900166535,22.65254223448921,25.029801942818843,Sp0013+4012
40.16658718048879,None,-54.8736441116033,66.46695735002285,-51.08351394333929,63.11765644205635,70.16658718048879,Sp0013-0457
57.558022017530604,None,-39.20900698622962,77.71592881907131,-36.53303595510628,72.56964071921949,87.5580220175306,Sp0013-2235
51.92402517497186,None,-29.770179438425394,75.96221751080998,-27.57922119265084,71.65860792074655,81.92402517497186,Sp0014-3245
36.00894963012374,None,-14.74202567529115,63.9479580163677,-13.200053309319692,61.904406629680764,66.00894963012374,Sp0014-4844
-24.247732399423683,None,-70.26808753398946,28.780377921188357,-65.41891021386924,27.49685539546059,29.975752267600576,Sp0015+3516
-0.5,None,-65.88433937839184,21.55524251561226,-62.109982158101566,20.455434646939565,22.585205389116176,Sp0015+4239
43.84401306079073,None,-22.301419791813515,70.8257808305284,-20.505531978333604,67.91066955175499,73.84401306079073,Sp0017-4054
20.823412831783486,None,-0.3927982248875778,50.033862928526595,0.5662693576090833,49.132478708736095,50.823412831783486,Sp0018-6356
34.739466477551304,None,-60.176985796075414,62.238375565474556,-56.08339967009583,59.538265155034225,64.7394664775513,Sp0019+0030
30.402911805309657,None,-63.66205200635295,58.24727522667356,-59.17402705082763,55.85170111173639,60.40291180530966,Sp0019+0450
-0.5,None,-59.042785023326,12.346597106767023,-56.58121244947599,11.534666820164913,13.02720627505741,Sp0019+5213
47.34668170244579,None,-25.769889097190468,73.84099266420823,-23.88430825286425,70.45597535415637,77.34668170244579,Sp0019-3724
21.611108687858476,None,-72.10619516761437,31.12539448758512,-67.00397746281065,29.87770594978161,32.16111086878585,Sp0020+3305
57.138867211631734,None,-40.410156644321845,79.03463614853881,-37.863487617569376,73.93674395511157,87.13886721163173,Sp0020-2155
42.007764883990404,None,-20.776667606971298,69.70032760077771,-19.11975896007014,67.15307714525986,72.0077648839904,Sp0021-4244
20.90542804739382,None,-0.5571080980850679,50.19934033612256,0.37650889285861566,49.33187782051474,50.90542804739382,Sp0021-6351
23.185133325209648,None,-69.2478214588884,51.62645866640974,-64.09189051356798,49.70306090093527,53.18513332520965,Sp0022+1203
37.1772433219263,None,-58.80758533583143,65.0297259995045,-55.07639142748338,62.32559995892891,67.1772433219263,Sp0024-0158
57.27705769558932,None,-35.84354793272465,80.25131421624104,-33.64384908005522,75.24245902540503,87.27705769558932,Sp0024-2708
-0.5,None,-57.626427690993616,10.367009073351182,-55.504107376387594,9.67149678826307,10.85523454890189,Sp0025+5422
28.649626670386652,None,-66.11336462955167,57.22206518270164,-61.642719085555875,55.16933532735938,58.64962667038665,Sp0026+0632
30.240524163353015,None,-9.772440579534079,59.366724655087154,-8.605440193431676,58.08097607965901,60.240524163353015,Sp0026-5428
12.869416371581892,None,-75.06635944826752,41.98955560130933,-69.18996842493098,40.609478044539095,42.86941637158189,Sp0027+2219
30.68696236678023,None,-10.225971008622608,59.81690773283456,-9.051176666935476,58.51178767543169,60.68696236678023,Sp0027-5401
12.373255818417611,None,-75.25234628467426,41.527747497882544,-69.36933087891785,40.17322248976409,42.37325581841761,Sp0028+2249
22.24286804852349,None,-71.10230263068773,51.22757170059519,-65.98442172510813,49.5541694537032,52.24286804852349,Sp0029+1255
12.41719029860235,None,-75.70834255979598,41.691055280385065,-69.82701278963063,40.387513658060485,42.41719029860235,Sp0030+2244
28.305382408475324,None,-67.15230676345796,57.297301688176475,-62.80025486601837,55.44338233850996,58.305382408475324,Sp0031+0649
45.8691711257343,None,-25.225205929436758,74.18472014699903,-23.619105751088362,71.4119823847253,75.8691711257343,Sp0031-3840
32.8037556456914,None,-63.4676937495953,61.65187801382957,-59.589740203945176,59.554076207541875,62.8037556456914,Sp0032+0219
5.7234611713237555,None,-75.74324797130289,35.156504668971245,-70.2569427955325,34.07331320020448,35.723461171323756,Sp0032+2927
50.34626194386544,None,-47.62181394681671,77.77030447439627,-45.07959433020813,73.82865329563617,80.34626194386544,Sp0033-1521
-0.5,None,-69.7090924424865,23.99448922046499,-66.12015438343371,23.19249749939082,24.388243417857428,Sp0034+4050
6.406660862307518,None,-76.65269351365401,35.919871919064526,-71.10641790624436,34.901667374182395,36.40666086230752,Sp0035+2848
16.86534974106766,None,-75.57929219231171,46.26144603024885,-69.97944576838655,44.98985174667756,46.86534974106766,Sp0036+1821
55.54269286261075,None,-42.9837512545577,81.8813695325468,-40.79687559577333,77.10921341408132,85.54269286261075,Sp0036-2031
-39339.97333400622,None,-71.35880990793942,25.721950304932324,-67.58823938988257,24.949400877041803,26.066002666599378,Sp0037+3910
21.553547405931198,None,-73.92586423407518,51.0806488607845,-69.00972969738639,49.84146047358939,51.5535474059312,Sp0041+1341
28.403833379657833,None,-8.432108253591286,58.07061066885065,-7.522636004846357,57.216273468801035,58.40383337965783,Sp0041-5621
42.46120772193434,None,-56.039927662026265,71.53356211829427,-53.30681266254074,69.17864416936285,72.46120772193434,Sp0042-0712
10.811348345580576,None,-78.9046886272543,40.494923183450666,-73.026893943983,39.57497381078928,40.811348345580576,Sp0043+2426
-0.5,None,-57.13580810321243,8.933155025476394,-55.58522648560745,8.507693016298541,9.071463423851332,Sp0044+5610
48.655127716651364,None,-28.431749266136254,77.8164522735216,-27.049542532441436,75.29394535860978,78.65512771665136,Sp0045-3604
32.36699034879451,None,-65.67203962121218,61.9358337212556,-62.25583777348924,60.452459963893084,62.36699034879451,Sp0046+0252
50.01910780051746,None,-29.816107544663275,79.14465866425749,-28.41072963631899,76.39827788263109,80.01910780051746,Sp0046-3442
41.77291093719515,None,-57.18888040546513,71.37528156481305,-54.665838681758906,69.46342247526528,71.77291093719515,Sp0049-0635
50.712348779213826,None,-48.5738793962461,80.11004846165135,-46.57565902370937,77.07175545946646,80.71234877921383,Sp0050-1538
55.08879523975881,None,-44.186595493216856,84.00032321664676,-42.37288892048225,79.80225563640076,85.08879523975881,Sp0050-2008
16.46178455653539,None,-78.86719436760536,46.35248218200639,-73.43564198436086,45.53490384142712,46.46178455653539,Sp0051+1844
57.27703868617442,None,-41.6057447769204,85.9959342283876,-39.931020406813246,81.06456926259897,87.27703868617442,Sp0051-2251
57.2764886759811,None,-41.56768728163674,86.06244152643761,-39.90082492818742,81.12369316109631,87.2764886759811,Sp0051-2254
-0.5,None,-46.66325822303681,-2.186944865200393,-45.921171780406006,-2.4058524672365618,-2.1682344206770003,Sp0052+6724
56.74075405257334,None,-37.52812190411975,86.09407647433488,-36.040219281003324,81.43219819085077,86.74075405257334,Sp0052-2705
22.69263261807928,None,-3.094484552907976,52.64258017750614,-2.4545833728008852,52.190129131594375,52.69263261807928,Sp0052-6201
-0.5,None,-63.69270932225966,15.48237491905863,-61.84239966177284,15.116955546564464,15.49705934319301,Sp0053+4942
-0.5,None,-63.40647350549026,15.168374399416722,-61.59173827975532,14.80882983748242,15.17981663578556,Sp0053+5001
48.02502077927058,None,-28.288164086936202,77.88477799940698,-27.081309564479074,75.89850239857132,78.02502077927058,Sp0053-3631
53.36063591388084,None,-33.916351696795715,83.36063591388084,-32.59744164996639,80.22960922902676,83.36063591388084,Sp0055-3052
29.83548050334958,None,-10.254778792254351,59.83548050334958,-9.499984293084623,59.23913535211401,59.83548050334958,Sp0055-5450
-0.5,None,-65.02940331761368,16.64085856374252,-63.23864803599183,16.34408028281836,16.64085856374252,Sp0058+4835
42.00063130746631,None,-57.58481550633404,72.0006313074663,-55.441428537267754,70.6446804542048,72.0006313074663,Sp0058-0651
-0.5,None,-56.5603495689123,7.806859102035726,-55.4511161041884,7.586892231525755,7.806859102035726,Sp0059+5726
-0.5,None,-61.03390480796818,12.343843016407769,-59.69415067576546,12.123761315069737,12.343843016407769,Sp0102+5254
47.09792442338315,None,-27.484271552871917,77.09792442338315,-26.51517072807117,75.92193800606287,77.09792442338315,Sp0102-3737
21.368956757778065,None,-1.9195643247856378,51.368956757778065,-1.4205542174431276,51.107731384686566,51.368956757778065,Sp0102-6322
8.810323747989571,None,-83.17442088357541,38.81032374798957,-77.46952927582767,38.43126712592967,38.81032374798957,Sp0103+2626
-0.5,None,-68.51882155450288,20.090152023258327,-66.5383897908854,19.839612542463108,20.090152023258327,Sp0103+4509
35.97129521739663,None,-63.78580242645914,65.97129521739663,-61.443164398648086,65.15856791087496,65.97129521739663,Sp0103-0044
30.88523366792448,None,-11.384251357955623,60.88523366792448,-10.732243297706326,60.47474493929374,60.88523366792448,Sp0103-5351
20.29032347211217,None,-78.43875422719034,50.29032347211217,-74.19172373580442,49.83442295186939,50.29032347211217,Sp0104+1457
25.20010806170648,None,-5.774688276598462,55.20010806170648,-5.262284875070235,54.960724392219994,55.20010806170648,Sp0106-5933
10.66057163800344,None,-84.24582216427055,40.66057163800344,-78.36610810704448,40.36477619521787,40.66057163800344,Sp0107+2435
28.8118955688754,None,-71.0881967616348,58.8118955688754,-68.42593064090885,58.42585682900789,58.8118955688754,Sp0109+0625
5.424503490089116,None,-82.62300177731416,35.424503490089116,-77.91005280141735,35.21697249287839,35.424503490089116,Sp0109+2949
38.959949385200886,None,-61.24623026482104,68.95994938520089,-59.41301646610037,68.44770744074114,68.95994938520089,Sp0109-0343
34.83596651184989,None,-15.406572862214842,64.83596651184989,-14.784044369127894,64.52558654392541,64.83596651184989,Sp0109-4954
33.73772095507174,None,-14.310764411534661,63.73772095507174,-13.703273807336215,63.44188044963651,63.73772095507174,Sp0109-5100
35.59952161194232,None,-16.22089212454332,65.59952161194232,-15.631431627348894,65.36829442331552,65.59952161194232,Sp0111-4908
49.25203872733276,None,-51.09957537250659,79.25203872733276,-49.87241454070774,78.77512463396438,79.25203872733276,Sp0113-1408
-0.5,None,-0.5176077183397977,49.790002262742,-0.20297942923487247,49.76667828375485,49.790002262742,Sp0116-6455
-0.5,None,-82.48151676935781,47.29476057227809,-78.34788684518055,47.264115459244444,47.29476057227809,Sp0117+1752
-0.5,None,-52.521175999815945,77.78543126089481,-51.38579223905081,77.71115229850162,77.78543126089481,Sp0117-1247
-0.5,None,-57.68931694796737,72.60732419668773,-56.538140327419804,72.80894836520281,72.60732419668773,Sp0120-0741
-0.5,None,-20.668373621610485,69.75854767301726,-20.19445294052167,69.89467170813134,69.75854767301726,Sp0121-4447
-0.5,None,-22.80301839236196,71.73973586163798,-22.361594364972035,72.04500883205444,71.73973586163798,Sp0123-4240
-0.5,None,-46.16740871754302,-3.1273009959117513,-45.888336668783204,-3.0715955051367847,-3.1273009959117513,Sp0124+6819
-0.5,None,-30.929445991376813,-18.33875411216426,-30.86506710612381,-18.318797263720825,-18.33875411216426,Sp0124+8334
-0.5,None,-31.551973965802947,80.06056313098586,-31.02811949181148,80.76709631184734,80.06056313098586,Sp0124-3355
-0.5,None,-85.40195367527836,36.27389968417429,-81.42655032494778,36.44480743129259,36.27389968417429,Sp0125+2847
-0.5,None,-79.72286496899245,50.63448586538991,-77.36158272033506,50.92451249707553,50.63448586538991,Sp0126+1419
-0.5,None,-33.8193558017127,81.71724502486651,-33.347528175263584,83.06781426461494,81.71724502486651,Sp0127-3140
-0.5,None,-67.66304464158438,62.558680180222545,-66.53962996937538,63.0630104648,62.558680180222545,Sp0128+0211
-0.5,None,-82.83664648132724,47.507974238586705,-80.29207572815044,47.892324039811285,47.507974238586705,Sp0130+1721
-0.5,None,-63.3016277668382,66.71464587951506,-62.4745978330238,67.44254935566882,66.71464587951506,Sp0130-0211
-0.5,None,-20.737038641450617,69.41973682030955,-20.444600510989527,69.98817786357824,69.41973682030955,Sp0130-4445
-0.5,None,-88.62455585312621,38.984490344175576,-84.09126825845046,39.37127196065003,38.984490344175576,Sp0132+2552
-0.5,None,-56.329307365956495,73.28252486479543,-55.729346622519465,74.40692248447374,73.28252486479543,Sp0132-0910
-0.5,None,-32.566338255655204,79.85077894231299,-32.279495955909724,81.75396039220824,79.85077894231299,Sp0134-3255
-0.5,None,-77.5608325683038,52.49721951389908,-76.47006815608991,53.13535389448851,52.49721951389908,Sp0135+1205
-0.5,None,7.8539343089228275,41.218281563772415,7.911748380809626,41.38752921810108,41.218281563772415,Sp0138-7320
-0.5,None,-47.516232953460126,79.87863903211199,-47.28341277347527,82.85481010472536,79.87863903211199,Sp0139-1757
-0.5,None,-83.2648610820245,46.365433787086594,-82.4250165044506,47.08284233837825,46.365433787086594,Sp0141+1804
-0.5,None,-41.15884402182842,82.15420756661852,-41.02656298062278,87.3054977630413,82.15420756661852,Sp0141-2417
-0.5,None,-63.04163315106044,13.435343520648786,-63.02295022909989,13.821100538451347,13.435343520648786,Sp0144+5121
-0.5,None,-58.08688221551788,70.32242130607627,-58.04604206998495,72.15769744564582,70.32242130607627,Sp0144-0716
-0.5,None,-34.94944700010055,79.14767549710254,-35.03337730432881,82.93735609152758,79.14767549710254,Sp0148-3024
-0.5,None,-3.2778215050298805,51.92899991904331,-3.3143968203353946,52.450436113604106,51.92899991904331,Sp0148-6209
-0.5,None,-49.99626943132627,0.43457549031162257,-50.116350036002615,0.7659712498079787,0.43457549031162257,Sp0151+6423
-0.5,None,-64.20232562346318,63.76714943439857,-64.57448757677406,65.52771604944829,63.76714943439857,Sp0151-0051
-0.5,None,-0.9107442900546125,49.588454168754886,-0.9709462762153511,50.08109231142505,49.588454168754886,Sp0151-6430
-0.5,None,-70.88979162387413,21.295903725368603,-71.40449366973553,21.932835092380074,21.295903725368603,Sp0154+4305
-0.5,None,-74.36687093655618,53.46973344738009,-75.30280301032595,54.8663174558254,53.46973344738009,Sp0155+0950
-0.5,None,-68.21277629374627,59.21183929687135,-69.0195044035399,60.952850961594066,59.21183929687135,Sp0156+0331
-0.5,None,-47.39707821268489,-2.1712255234118247,-47.578395928841005,-1.8251490386738196,-2.1712255234118247,Sp0157+6656
-0.5,None,-81.22189002948433,45.33630912420763,-83.60847723686958,46.56862011221295,45.33630912420763,Sp0158+1807
-0.5,None,-58.82248300211036,67.1493648265431,-59.58268011649959,69.73143161155409,67.1493648265431,Sp0200-0554
-0.5,None,-74.14999823804698,52.395890655556464,-75.79405693387712,54.02179138341504,52.395890655556464,Sp0202+1020
-0.5,None,-43.410809915904196,-6.143345609435861,-43.61379544545984,-5.814020796924615,-6.143345609435861,Sp0202+7053
-0.5,None,-28.49262419166374,72.94398738988085,-28.934147089604895,76.04929005880965,72.94398738988085,Sp0204-3632
-0.5,None,-25.317330002590097,70.74884635104489,-25.726031826001154,73.31926870706933,70.74884635104489,Sp0204-3945
-0.5,None,-76.02939254876452,49.79387124349402,-78.2400359288695,51.40906418490091,49.79387124349402,Sp0205+1251
-0.5,None,-57.610915680815395,67.34222902934343,-58.55624096604088,70.22490397032232,67.34222902934343,Sp0205-0653
-0.5,None,-76.56084785140051,48.57380283453807,-79.194520240778,50.225610206052785,48.57380283453807,Sp0207+1355
-0.5,None,-34.91684209925348,75.52286446046409,-35.521473336452814,80.06945610850453,75.52286446046409,Sp0207-2955
-0.5,None,-27.594069300603177,71.97741575720903,-28.093056271010667,75.04748169234848,71.97741575720903,Sp0207-3721
-0.5,None,-81.779409051613,37.39396029997084,-87.42642648784246,38.67980590230112,37.39396029997084,Sp0208+2542
-0.5,None,-63.74682289246429,14.196557127559828,-64.6229210007774,14.946546904975277,14.196557127559828,Sp0208+4949
-0.5,None,-12.567633367490968,59.73928400233203,-12.971304588934848,61.191697166604555,59.73928400233203,Sp0210-5228
-0.5,None,-49.90445331152304,71.70767738725985,-50.904381404044855,75.80835890071498,71.70767738725985,Sp0211-1427
-0.5,None,-73.06220836244047,51.208249438111054,-75.61768838560691,53.16631214126088,51.208249438111054,Sp0212+1032
-0.5,None,-80.92892661934013,38.21183389320756,-86.81183249775962,39.62763739333489,38.21183389320756,Sp0212+2433
-0.5,None,-53.56294376044074,68.98783680395483,-54.715963012799875,72.60111584653492,68.98783680395483,Sp0212-1036
-0.5,None,-68.10993489373404,18.85813306177391,-69.53339355576504,19.790983308142593,18.85813306177391,Sp0213+4444
-0.5,None,-50.47123966485061,70.78853094813212,-51.58461935444441,74.86247084441018,70.78853094813212,Sp0213-1343
-0.5,None,-59.771498222285345,63.63671496193409,-61.26511370172674,66.60489934786595,63.63671496193409,Sp0214-0357
-0.5,None,-33.88894095799868,73.78483577904436,-34.677575000917,78.31792219616598,73.78483577904436,Sp0215-3040
-0.5,None,-74.9194837060901,48.063535680776425,-78.25906072095177,49.99477237266463,48.063535680776425,Sp0216+1335
-0.5,None,-42.27379154937776,73.81938717072012,-43.271116374651264,78.92607829571786,73.81938717072012,Sp0216-2200
-0.5,None,-75.4051059946931,27.550624452861666,-78.33314824724927,28.769505564974047,27.550624452861666,Sp0217+3526
-0.5,None,-57.175417278643025,64.71681019594502,-58.7829915068922,68.08174577835634,64.71681019594502,Sp0218-0617
-0.5,None,-32.869012111367965,72.8279827117181,-33.72804180510266,77.26396994007288,72.8279827117181,Sp0218-3133
-0.5,None,-54.19764754832857,4.584309546085741,-54.98314549763109,5.292408477301954,4.584309546085741,Sp0219+5912
-0.5,None,-44.389309120883496,72.44082181858056,-45.54603563851033,77.38172454644811,72.44082181858056,Sp0219-1938
-0.5,None,-77.44573655886157,31.824474870167865,-81.97531844493233,33.27964860213038,31.824474870167865,Sp0222+3033
-0.5,None,-36.5557907998915,72.73907713183095,-37.61436695313668,77.74132548812221,72.73907713183095,Sp0222-2732
-0.5,None,-27.517467363027393,69.83109594949882,-28.367646161251674,73.45271933465857,69.83109594949882,Sp0222-3651
-0.5,None,-50.977981940717385,1.3534951621553215,-51.74182715173631,2.047789583716639,1.3534951621553215,Sp0225+6229
-0.5,None,-61.82302017606447,12.577599152657227,-63.320381641369295,13.587528860368199,12.577599152657227,Sp0227+5034
-0.5,None,-46.95746067598551,69.45864435000331,-48.47499053657499,74.16901095034228,69.45864435000331,Sp0227-1624
-0.5,None,-0.07152521412096666,47.9033998222559,-0.5212602752167688,48.8829345030257,47.9033998222559,Sp0227-6447
-0.5,None,-64.79304140419777,55.78788894846406,-67.486916652058,58.655457919991974,55.78788894846406,Sp0228+0310
-0.5,None,-74.67502307751188,44.031436411968734,-79.40147092527374,46.15847272750966,44.031436411968734,Sp0228+1639
-0.5,None,-1.380036210311665,49.03805740904609,-1.869939574521033,50.114493216800675,49.03805740904609,Sp0228-6325
-0.5,None,-62.9992828941393,13.885944527623876,-64.66518901932857,14.953806304101748,13.885944527623876,Sp0229+4906
-0.5,None,-74.40997075736563,43.717140563907336,-79.23811727101477,45.88104397834785,43.717140563907336,Sp0230+1648
-0.5,None,-52.77983320954347,65.11931438389873,-54.70411856904345,69.2052192822683,65.11931438389873,Sp0230-0953
-0.5,None,-41.40147111385847,70.19875564662752,-42.89243962651368,75.33914938257064,70.19875564662752,Sp0232-2152
-0.5,None,-75.77984933615181,38.59199453271744,-81.57317287531106,40.59985979747422,38.59199453271744,Sp0233+2209
-0.5,None,-74.87768952655904,30.02040560045398,-79.5709339343333,31.669529108238713,30.02040560045398,Sp0233+3134
-0.5,None,-52.717839335847195,3.17764832776871,-53.76104999198291,4.020765892735938,3.17764832776871,Sp0234+6012
-0.5,None,-49.89060140227201,0.29391802455999233,-50.7912849830531,1.064056974221766,0.29391802455999233,Sp0235+6314
-0.5,None,-28.964941752594605,68.14713817770954,-30.20542070091905,72.39635404355474,68.14713817770954,Sp0237-3434
-0.5,None,-44.815928504233575,67.23015577931105,-46.69988779577369,72.17656682713394,67.23015577931105,Sp0239-1735
-0.5,None,-66.4550105538739,50.549945811995066,-70.20509425918104,53.472083924570015,50.549945811995066,Sp0240+0727
-0.5,None,-57.201467864856276,7.9743336209900795,-58.74877271516982,9.044601864695451,7.9743336209900795,Sp0241+5444
-0.5,None,-22.137246873449865,64.15994640227451,-23.30445352697183,67.5487767525804,64.15994640227451,Sp0242-4124
-0.5,None,-11.431745966724563,56.811345246476186,-12.3336683823338,58.940793196981105,56.811345246476186,Sp0242-5232
-0.5,None,-62.729984893025666,14.17603443305579,-64.96398021004471,15.475414146008514,14.17603443305579,Sp0243+4755
-0.5,None,-27.355862487964544,66.34859987300712,-28.723028175342918,70.52483269886945,66.34859987300712,Sp0244-3548
-0.5,None,-70.85963929007958,42.18544389836185,-76.10009883031601,44.75773378860418,42.18544389836185,Sp0246+1625
-0.5,None,-55.461303507319435,59.01225331856569,-58.27341691978006,62.99525424169516,59.01225331856569,Sp0246-0459
-0.5,None,-72.6180005487729,31.160339237453417,-78.11666261347811,33.20225284491172,31.160339237453417,Sp0247+2850
-0.5,None,-71.58358207760843,39.48659546286465,-77.21196201914027,41.96311495566255,39.48659546286465,Sp0248+1916
-0.5,None,-44.6497123406914,64.96687571610673,-46.84666665500947,69.92854828540491,64.96687571610673,Sp0248-1651
-0.5,None,-40.01731453913915,66.16037529831192,-42.027161737601496,71.31978141481484,66.16037529831192,Sp0249-2147
-0.5,None,-31.03704691110854,66.46871009512559,-32.65941685958509,71.19250275832505,66.46871009512559,Sp0249-3131
-0.5,None,-52.258591417155806,60.299676843941384,-54.98974740666262,64.61776437915015,60.299676843941384,Sp0250-0808
-0.5,None,-59.574113251047045,54.06089790632062,-63.04468298370222,57.70075730930762,54.06089790632062,Sp0251+0047
-0.5,None,-55.74759000677021,57.34389010627316,-58.82405932434711,61.339697273531655,57.34389010627316,Sp0251-0352
-0.5,None,-59.50437465438707,53.74649998154192,-63.03263270750375,57.402330977488845,53.74649998154192,Sp0252+0056
-0.5,None,-59.919027206415514,11.414315415626952,-62.18034513660601,12.773754021755977,11.414315415626952,Sp0252+5014
-0.5,None,-69.688957935709,40.979808281263196,-75.10780609756482,43.67177972171928,40.979808281263196,Sp0253+1652
-0.5,None,-71.60747608893836,32.02835503970623,-77.32345067321883,34.24480838654097,32.02835503970623,Sp0253+2713
-0.5,None,-38.02289879881736,65.6908354300338,-40.05018634453529,70.8560092686062,65.6908354300338,Sp0253-2336
-0.5,None,15.070958020961294,33.59955674403103,14.76572597732447,34.033463567656746,33.59955674403103,Sp0253-7959
-0.5,None,-41.63700563530134,64.67303957410475,-43.86289429480138,69.78580230787207,64.67303957410475,Sp0254-1934
-0.5,None,-16.088252512712437,59.056229416250304,-17.337416041960818,61.990115093731276,59.056229416250304,Sp0255-4700
-0.5,None,-65.61215698012145,19.205988632076874,-69.206875294302,20.954544000744452,19.205988632076874,Sp0257+4111
-0.5,None,-57.385245157293156,8.707183256637583,-59.49453554193174,10.038880585970901,8.707183256637583,Sp0257+5253
-0.5,None,-30.793076343338708,64.82846125234536,-32.61998427750415,69.6240024411829,64.82846125234536,Sp0257-3105
-0.5,None,-69.96039406860508,35.029446287201104,-75.84311136160535,37.56457904833587,35.029446287201104,Sp0259+2254
-0.5,None,-18.310242560165445,59.881948846202405,-19.721353775505946,63.198638191840224,59.881948846202405,Sp0259-4421
-0.5,None,-63.23759860839459,16.18698745530721,-66.45823774168191,17.86922966994914,16.18698745530721,Sp0301+4416
-0.5,None,-22.33627473243478,61.53719921375097,-23.945565213486265,65.42682802364806,61.53719921375097,Sp0302-3950
-0.5,None,-36.078336559529774,63.3067616444827,-38.348818532782595,68.45325038449668,63.3067616444827,Sp0304-2435
-0.5,None,-33.94620911977198,63.14403240821153,-36.15329483856091,68.22217942168763,63.14403240821153,Sp0306-2647
-0.5,None,-24.837478617793675,61.82911692081059,-26.639187682934008,66.10755930851437,61.82911692081059,Sp0306-3647
-0.5,None,-53.02954760533564,4.117555055840273,-54.924120630304365,5.403120742753513,4.117555055840273,Sp0307+5719
-0.5,None,-44.85994434312459,59.17103040513494,-47.82759805169579,64.10399961052805,59.17103040513494,Sp0309-1354
-0.5,None,-24.4317899111589,61.20239455369608,-26.28747929214425,65.48504999970477,61.20239455369608,Sp0309-3658
-0.5,None,-57.81512527547927,49.497479988471234,-62.05069032528875,53.38363373017974,49.497479988471234,Sp0310+0234
-0.5,None,-61.09090233971471,45.99037600087176,-65.80129938865743,49.56722037543393,45.99037600087176,Sp0310+0726
-0.5,None,-32.50207852319736,62.23985817073759,-34.75665215439465,67.26576351042162,62.23985817073759,Sp0310-2756
-0.5,None,-56.55637924159654,50.28862747219485,-60.690342786490454,54.29106295846207,50.28862747219485,Sp0311+0106
-0.5,None,-28.1264330011966,61.61193664135541,-30.20859031204791,66.32190522089128,61.61193664135541,Sp0311-3239
-0.5,None,-64.75446959738002,38.7478162475583,-70.34453680404206,41.90525510102267,38.7478162475583,Sp0314+1603
-0.5,None,-66.90411878259457,28.41840016487719,-72.54016003425151,30.95177232999146,28.41840016487719,Sp0314+2840
-0.5,None,-15.42449547723935,56.58746598584458,-17.022746705674198,59.87534337802644,56.58746598584458,Sp0314-4623
-0.5,None,-32.19825250799541,-17.38413486402526,-32.60690659738268,-16.981600430267132,-17.38413486402526,Sp0315+8122
-0.5,None,-31.074199237129832,60.808042006063694,-33.43653517755894,65.79089442779953,60.808042006063694,Sp0316-2848
-0.5,None,-57.85636491483344,10.669077804797658,-60.91203636094218,12.431282263301464,10.669077804797658,Sp0319+4848
-0.5,None,-23.491756587087927,59.23659888534486,-25.542994216151815,63.57840208372783,59.23659888534486,Sp0319-3703
-0.5,None,-64.20558249323649,35.47954582956419,-70.00730018166281,38.60944607653033,35.47954582956419,Sp0320+1854
-0.5,None,-50.64648316017397,52.20969651358026,-54.53505779024729,56.71780501730717,52.20969651358026,Sp0320-0446
-0.5,None,-6.858074588815399,50.79450035072103,-8.220504566665744,53.22845105895464,50.79450035072103,Sp0320-5520
-0.5,None,-62.900160201692636,19.076967970378572,-67.34628086048961,21.27913130530171,19.076967970378572,Sp0321+3847
-0.5,None,-17.721317207634836,56.54292641859922,-19.604957156758214,60.29500786175179,56.54292641859922,Sp0323-4304
-0.5,None,-7.690466729187213,51.05864268540698,-9.147005547474874,53.65165861767825,51.05864268540698,Sp0324-5410
-0.5,None,13.311710170739076,34.855768704079956,12.767776965193939,35.57112722791371,34.855768704079956,Sp0324-7727
-0.5,None,-61.48024444807035,38.4115181053874,-67.03835142405005,41.86945564541015,38.4115181053874,Sp0325+1412
-0.5,None,-48.97711565571193,51.73659590307146,-52.913627791878305,56.36342077724885,51.73659590307146,Sp0325-0551
-0.5,None,17.390376869794174,31.253738415520562,17.033959267677087,31.69428254164589,31.253738415520562,Sp0325-8159
-0.5,None,-63.027311504894556,34.305820197457386,-68.86092098431342,37.511228799581765,34.305820197457386,Sp0326+1919
-0.5,None,-33.601467870100805,58.46668080145859,-36.37242846480953,63.598516055531846,58.46668080145859,Sp0326-2443
-0.5,None,-17.919447419308472,56.24580044268056,-19.87036100401129,60.07330781439151,56.24580044268056,Sp0326-4236
-0.5,None,-59.56261311204207,39.91002875458342,-64.95504586886544,43.568450546583996,39.91002875458342,Sp0328+1129
-0.5,None,-63.135650779790296,22.990821615253225,-68.39506689929135,25.562360927200434,22.990821615253225,Sp0329+3304
-0.5,None,-62.97090966492728,23.824586234135143,-68.37350517912914,26.484011000447214,23.824586234135143,Sp0330+3146
-0.5,None,-53.03359654893247,5.152263731425394,-55.65980367972556,6.816733224800349,5.152263731425394,Sp0330+5413
-0.5,None,-52.04248545417168,47.58914132619316,-56.506014443176035,51.96075506311401,47.58914132619316,Sp0330-0025
-0.5,None,-12.311493477627419,53.233321899707946,-14.07042755405298,56.46189847370148,53.233321899707946,Sp0330-4835
-0.5,None,-27.854197239672484,57.575740627531474,-30.43717733502558,62.45953045867921,57.575740627531474,Sp0331-3042
-0.5,None,-34.08701381022927,56.9106700928589,-37.06415788636986,62.06412112966284,56.9106700928589,Sp0332-2317
-0.5,None,-60.90387074240557,18.590474211064272,-65.66057170279817,21.030585105845258,18.590474211064272,Sp0334+3740
-0.5,None,-35.29316023665428,56.065839359806915,-38.41658643208748,61.23315059433412,56.065839359806915,Sp0334-2130
-0.5,None,-10.845611964112926,52.03796748697274,-12.61053668915638,55.172315990852134,52.03796748697274,Sp0334-4953
-0.5,None,-55.669398845760796,41.82774946102666,-60.80924441052793,45.84672059323884,41.82774946102666,Sp0335+0658
-0.5,None,-45.372726729623686,51.00228500337637,-49.3459041055023,55.8450131991943,51.00228500337637,Sp0335-0829
-0.5,None,-15.42808191399857,53.9693268307112,-17.453726420763044,57.677491899029796,53.9693268307112,Sp0335-4430
-0.5,None,-6.402922796702471,49.15442868877521,-8.024645043729388,51.85466903364723,49.15442868877521,Sp0338-5435
-0.5,None,-61.113768974841314,28.021665917457874,-66.95567377199077,31.146958620563066,28.021665917457874,Sp0339+2457
-0.5,None,-22.939174635922647,55.515998070533186,-25.44692223507949,60.086210208164395,55.515998070533186,Sp0339-3525
-0.5,None,-21.685083221420545,55.18902257782074,-24.137098246445778,59.649083333310315,55.18902257782074,Sp0340-3649
-0.5,None,-55.51825169273151,9.632480571004495,-59.087535051208214,11.709908352175978,9.632480571004495,Sp0341+4741
-0.5,None,-56.04363240703722,10.564196293635748,-59.769821463993594,12.702407161176351,10.564196293635748,Sp0342+4629
-0.5,None,-50.54290264174239,43.91360941665293,-55.379677893629214,48.348966828905496,43.91360941665293,Sp0344+0111
-0.5,None,-59.869142977172814,26.625153297302813,-65.6850905521343,29.80000233102147,26.625153297302813,Sp0345+2540
-0.5,None,-45.81591958230567,-2.946575822529494,-47.82097809333839,-1.5062233880346143,-2.946575822529494,Sp0346+6236
-0.5,None,-47.8908500390551,45.52250923923019,-52.51041431098438,50.154103594694476,45.52250923923019,Sp0346-0218
-0.5,None,-36.12942733062801,52.30277184779045,-39.71203424290914,57.46274877199704,52.30277184779045,Sp0347-1814
-0.5,None,-55.309337699558924,36.55507805594424,-60.878880138495326,40.49686251128962,36.55507805594424,Sp0348+1126
-0.5,None,6.381416804248375,39.93319413358716,5.280979347448278,41.44740665802294,39.93319413358716,Sp0348-6836
-0.5,None,-47.90789335002802,43.72873156399303,-52.70699686003777,48.333217179378494,43.72873156399303,Sp0351-0052
-0.5,None,-35.76706020657674,51.196841217907355,-39.45832551664791,56.356394177490046,51.196841217907355,Sp0351-1751
-0.5,None,-49.55957868609247,41.713280413952695,-54.58569390103456,46.17976260542373,41.713280413952695,Sp0352+0210
-0.5,None,-0.8208038302170787,44.69531687313507,-2.3714214640148636,47.01289147653405,44.69531687313507,Sp0352-5955
-0.5,None,-22.023757490133807,52.785783446180154,-24.81267084102001,57.437904452597905,52.785783446180154,Sp0353-3441
-0.5,None,-57.689910315501606,27.158883184305562,-63.5593985232686,30.569612997720526,27.158883184305562,Sp0354+2316
-0.5,None,-57.67220487129439,26.31076692041981,-63.52219140467185,29.681343575011173,26.31076692041981,Sp0354+2416
-0.5,None,-57.920601936491906,19.436135558904432,-63.23927527442306,22.33694044700935,19.436135558904432,Sp0354+3333
-0.5,None,-37.74668015800998,49.461034263205015,-41.692284118407215,54.57929767809169,49.461034263205015,Sp0354-1437
-0.5,None,-49.09332568166377,40.71640536560222,-54.19724893930789,45.195652132936104,40.71640536560222,Sp0355+0237
-0.5,None,-55.03595879094457,33.068718223802136,-60.79464996917103,36.93569005794096,33.068718223802136,Sp0355+1439
-0.5,None,-55.90125414994341,13.535832092994106,-60.48432542023527,16.117927158772538,13.535832092994106,Sp0356+4047
-0.5,None,-54.9465815443409,32.190462777558984,-60.739804401360175,36.03681863866443,32.190462777558984,Sp0357+1529
-0.5,None,-55.6552624996306,13.176830214319214,-60.206015132711556,15.752258038677795,13.176830214319214,Sp0357+4107
-0.5,None,-38.51512342095043,48.03389735913272,-42.634636293117175,53.1215729913538,48.03389735913272,Sp0357-1249
-0.5,None,-57.05461575416327,23.553237691849546,-62.80475102985932,26.8325989056301,23.553237691849546,Sp0358+2710
-0.5,None,-57.204654321003524,21.45909290789283,-62.798608998837885,24.590482102801083,21.45909290789283,Sp0358+3003
-0.5,None,-33.374293600803,49.606008310640064,-37.14535606614326,54.774291142486625,49.606008310640064,Sp0400-1913
-0.5,None,-56.5161792367665,21.91826147997928,-62.18418065193808,25.15127712202824,21.91826147997928,Sp0401+2849
-0.5,None,-54.244782304697836,10.928019122487955,-58.55878580593719,13.434820316359945,10.928019122487955,Sp0401+4327
-0.5,None,-56.02801258846137,23.562393030314727,-61.81232029751276,26.942153692379396,23.562393030314727,Sp0403+2616
-0.5,None,-54.30628381987042,12.0830094102784,-58.87444507574834,14.725451797977534,12.0830094102784,Sp0404+4127
-0.5,None,-34.74197274040905,47.01375698201032,-38.83510886119487,52.16682000147916,47.01375698201032,Sp0407-1552
-0.5,None,-49.196662216925226,35.19616313113203,-54.71858229550317,39.5512163968896,35.19616313113203,Sp0408+0742
-0.5,None,-35.24606708257729,46.33918322661638,-39.425488198206686,51.48186171710645,46.33918322661638,Sp0408-1450
-0.5,None,-41.05216706259463,42.51619987556659,-45.78484492888875,47.45311655886812,42.51619987556659,Sp0409-0605
-0.5,None,-50.99224993010326,31.349383197715554,-56.75216304070788,35.473346835268934,31.349383197715554,Sp0410+1304
-0.5,None,-34.780726942118534,45.910946848126066,-38.98550309814141,51.057797574780395,45.910946848126066,Sp0410-1459
-0.5,None,-53.442982711813116,14.078870095881854,-58.50326557935978,17.046068215031024,14.078870095881854,Sp0413+3709
-0.5,None,-25.404136950908615,48.159766627578016,-28.95064039469927,53.19109481935846,48.159766627578016,Sp0413-2704
-0.5,None,-49.67675839560853,30.144972248940043,-55.46002414339389,34.32604300905101,30.144972248940043,Sp0416+1310
-0.5,None,0.5563331903687618,42.275424168456205,-1.2587739987518078,44.79956881678612,42.275424168456205,Sp0416-5935
-0.5,None,-50.71089122846696,27.835130733072223,-56.571165041934414,31.86154918832906,27.835130733072223,Sp0417+1634
-0.5,None,-38.25310156905839,41.5663688361892,-42.983905148407295,46.59221922481013,41.5663688361892,Sp0417-0800
-0.5,None,-28.925837631953044,46.18669001682536,-32.85972697205229,51.33568822318089,46.18669001682536,Sp0417-2129
-0.5,None,-51.22763769062686,9.33404567720806,-55.78179032735841,12.096400726500416,9.33404567720806,Sp0419+4233
-0.5,None,-33.14075787077103,43.74727430706647,-37.4926440812575,48.90271620231931,43.74727430706647,Sp0420-1458
-0.5,None,9.183327384993232,36.8096133298749,7.922430797812646,38.38926784420837,36.8096133298749,Sp0420-7005
-0.5,None,3.713196031806274,40.18503719436086,2.0435989963224466,42.409569444552005,40.18503719436086,Sp0421-6306
-0.5,None,-17.324917805752126,46.821712792540346,-20.499696073786176,51.411804519290406,46.821712792540346,Sp0422-3606
-0.5,None,-39.39115263382291,38.47078961349109,-44.41653918114774,43.413273518447355,38.47078961349109,Sp0423-0414
-0.5,None,-50.83280874122934,21.578858343653458,-56.6654570884375,25.32495478733211,21.578858343653458,Sp0424+2402
-0.5,None,-43.236029359014964,33.89651821053993,-48.69359161516141,38.5773876595733,33.89651821053993,Sp0426+0336
-0.5,None,-45.621629741048544,30.683782647086502,-51.307702486280334,35.14947745631261,30.683782647086502,Sp0427+0859
-0.5,None,-44.568223765041814,31.21416092148874,-50.20678151287818,35.756958403068005,31.21416092148874,Sp0428+0728
-0.5,None,-19.90582880263118,45.22774949662674,-23.44641072954242,50.07578291188053,45.22774949662674,Sp0429-3123
-0.5,None,-10.382384370595231,44.88768354678877,-13.205064683005318,48.90294302699656,44.88768354678877,Sp0429-4405
-0.5,None,7.154976089573587,37.71914340775381,5.633573682403782,39.64327568482756,37.71914340775381,Sp0429-6649
-0.5,None,-35.203479979660806,38.96190505814407,-40.05422752558898,44.04347846415728,38.96190505814407,Sp0430-0849
-0.5,None,-42.72315732436729,-4.8859177627612995,-45.39425443729454,-2.9829859819851023,-4.8859177627612995,Sp0431+6035
-0.5,None,-36.17711929901236,37.63880749780222,-41.16648068368507,42.67846174326427,37.63880749780222,Sp0432-0639
-0.5,None,-44.33171661733402,-2.254064916162708,-47.45400861959563,-0.10853310053675495,-2.254064916162708,Sp0433+5635
-0.5,None,-18.664046279120214,44.3027159229274,-22.226851493705745,49.111435360007974,44.3027159229274,Sp0433-3210
-0.5,None,-48.281368546379156,20.521059834259795,-54.12844710751222,24.42829834059403,20.521059834259795,Sp0435+2254
-0.5,None,-30.914967396980202,40.065151932117736,-35.51520394234234,45.225394725437006,40.065151932117736,Sp0435-1414
-0.5,None,-29.68326887650948,40.692313011671615,-34.178427399826056,45.86014721892107,40.692313011671615,Sp0435-1606
-0.5,None,-46.89972447907755,3.2783314803461874,-50.96519016954911,5.9151237684748,3.2783314803461874,Sp0436+4810
-0.5,None,-45.6602289498814,0.5138272944841219,-49.28777184479059,2.928377681615199,0.5138272944841219,Sp0436+5211
-0.5,None,-24.292563810213352,42.38082818571153,-28.382509120886713,47.47894888501099,42.38082818571153,Sp0436-2338
-0.5,None,-45.5853209773566,23.90908991836252,-51.46265143988965,28.161366258727867,23.90908991836252,Sp0439+1615
-0.5,None,-23.774637346200947,41.965224135845354,-27.879065945730645,47.05603884216474,41.965224135845354,Sp0439-2353
-0.5,None,-17.542342157278238,43.15716594636936,-21.158234329197263,47.94226278740151,43.15716594636936,Sp0439-3235
-0.5,None,3.526887771268165,39.04334317689962,1.57178230968266,41.560432059358995,39.04334317689962,Sp0439-6105
-0.5,None,-35.30697981922387,35.394493113594564,-40.437029747732005,40.43018857980695,35.394493113594564,Sp0440-0530
-0.5,None,-29.854984460481205,38.42103115577576,-34.554717145837735,43.58316985854943,38.42103115577576,Sp0442-1356
-0.5,None,-17.42111568603608,42.364045233783465,-21.116348827290384,47.17351067037478,42.364045233783465,Sp0443-3202
-0.5,None,-13.707495791028991,42.34461178948713,-17.14244467705845,46.89174762721522,42.34461178948713,Sp0444-3655
-0.5,None,-41.806273509903136,26.599266606249774,-47.57994229998513,31.174936445269267,26.599266606249774,Sp0445+0938
-0.5,None,-34.017254194080174,34.56608133182343,-39.16512949911855,39.62682511450144,34.56608133182343,Sp0445-0602
-0.5,None,-17.86303875376548,41.63455729085744,-21.6653402441938,46.49632328944506,41.63455729085744,Sp0445-3048
-0.5,None,-13.740298023322364,42.15795580138458,-17.199673272620547,46.718428854677576,42.15795580138458,Sp0445-3642
-0.5,None,-1.619640629235432,40.462605996129206,-4.10447595015202,43.729218429607904,40.462605996129206,Sp0445-5321
-0.5,None,-45.19905427638879,1.7091307840258154,-49.261063006364054,4.4023166702596015,1.7091307840258154,Sp0446+4844
-0.5,None,-43.20291681170538,23.33082576309821,-49.07140011032544,27.720510208796863,23.33082576309821,Sp0447+1436
-0.5,None,-46.374375061155284,14.901438886352908,-52.0435808064943,18.6686117562692,14.901438886352908,Sp0447+2819
-0.5,None,-6.2768580943561645,41.233085249554144,-9.191861442489905,45.091687801631494,41.233085249554144,Sp0448-4636
-0.5,None,-43.98283493668882,-0.5493900881626059,-47.755631383184685,2.0055875462929578,-0.5493900881626059,Sp0449+5138
-0.5,None,-35.198058066417495,32.076982884314546,-40.54837275759563,37.067803401370945,32.076982884314546,Sp0449-0228
-0.5,None,-37.58347210254522,28.891392785651348,-43.175409839174975,33.733189075128124,28.891392785651348,Sp0451+0305
-0.5,None,-14.83380061231178,40.89225425030977,-18.516592188292808,45.59861610236311,40.89225425030977,Sp0451-3402
-0.5,None,2.546562037115712,38.43733006566409,0.30702009530210633,41.27074340079216,38.43733006566409,Sp0451-5818
-0.5,None,-43.62595016584656,18.658404195591437,-49.49337166511235,22.838246696975624,18.658404195591437,Sp0453+2033
-0.5,None,-25.240621022334537,37.124475061389255,-29.859183963025192,42.284517714393914,37.124475061389255,Sp0453-1751
-0.5,None,-3.33273725233515,39.856933180570216,-6.124670848570838,43.46714487021593,39.856933180570216,Sp0454-4945
-0.5,None,-36.479922741304314,28.148445343622257,-42.08134292437882,33.02098376441178,28.148445343622257,Sp0455+0244
-0.5,None,-42.73237051440418,-2.062192931375506,-46.410693697667625,0.4725823714740567,-2.062192931375506,Sp0455+5252
-0.5,None,-18.901365453336872,38.95472107392174,-23.039349655187547,43.94375995116925,38.95472107392174,Sp0455-2701
-0.5,None,-29.798257326449086,33.585698883140374,-34.87378560989039,38.72253768506534,33.585698883140374,Sp0456-0932
-0.5,None,-44.8272131405419,8.2548828489226,-50.03374207520053,11.708430785962387,8.2548828489226,Sp0457+3622
-0.5,None,-13.639091073456804,39.02571585000903,-17.44422122386321,43.73681131971341,39.02571585000903,Sp0459-3348
-0.5,None,-35.782497984529854,26.71392172378458,-41.43313827763401,31.58510058016556,26.71392172378458,Sp0500+0330
-0.5,None,-36.23227862404036,26.01687029073434,-41.921803289952564,30.854170799252085,26.01687029073434,Sp0500+0442
-0.5,None,-17.4724075654356,37.16124973888142,-21.704240913418623,42.1377591676163,37.16124973888142,Sp0503-2705
-0.5,None,-36.86176086798231,22.99279702458211,-42.66458399833125,27.728123938194233,22.99279702458211,Sp0505+0836
-0.5,None,-1.7313419788700057,37.79904654387016,-4.646162950945716,41.42196675958733,37.79904654387016,Sp0506-4956
-0.5,None,-42.32732459557458,8.24502027373431,-47.72910107651505,11.954166694767443,8.24502027373431,Sp0508+3319
-0.5,None,-23.012754604365355,33.301446625172545,-27.84892991199684,38.460663812672955,33.301446625172545,Sp0508-1647
-0.5,None,-41.28487254176309,11.618654403426007,-46.9723072461277,15.632137365532724,11.618654403426007,Sp0510+2714
-0.5,None,-3.792796334919818,37.335706928131835,-6.991600019566583,41.2689960091017,37.335706928131835,Sp0511-4606
-0.5,None,-3.5723614922116673,37.21217611532954,-6.7658724461271555,41.13099463568891,37.21217611532954,Sp0511-4618
-0.5,None,-16.46907203472573,35.06027273597379,-20.84318321227488,40.04905772824014,35.06027273597379,Sp0512-2617
-0.5,None,-14.315682991278718,35.897651224142884,-18.487132016476483,40.76836515352706,35.897651224142884,Sp0512-2949
-0.5,None,-38.1970555903553,-8.185613393032357,-41.314350029394404,-5.888230625031323,-8.185613393032357,Sp0515+5911
-0.5,None,-36.55719384228723,-11.183320584985749,-39.113634264552765,-9.231239759459475,-11.183320584985749,Sp0515+6424
-0.5,None,-38.700463983733435,-6.86329084622245,-42.09066361129829,-4.397329794494167,-6.86329084622245,Sp0516+5640
-0.5,None,-14.30769866746774,34.33532880713377,-18.628965624844575,39.25395973163878,34.33532880713377,Sp0517-2816
-0.5,None,-10.867811172732637,35.38323629576898,-14.872398711625797,40.07634676243655,35.38323629576898,Sp0517-3349
-0.5,None,-38.98407317372741,11.641649196043915,-44.74531205519181,15.835871273296595,11.641649196043915,Sp0518+2435
-0.5,None,-31.305265934268007,-18.14530402678977,-32.621016845998845,-17.0359866632451,-18.14530402678977,Sp0520+7626
-0.5,None,-31.585237091657266,20.951617223488153,-37.36232522098606,25.864728644045837,20.951617223488153,Sp0522+0518
-0.5,None,-39.76612010128784,4.7209226951075856,-45.02634450872429,8.423866726754307,4.7209226951075856,Sp0522+3534
-0.5,None,-37.70568941145393,-8.153107641614044,-40.99032166322587,-5.730541614429453,-8.153107641614044,Sp0522+5754
-0.5,None,-29.308424281060592,23.636231499813608,-34.94299544990788,28.67201035043122,23.636231499813608,Sp0522-0002
-0.5,None,-39.36944994851851,-1.7700577457103197,-43.797458362868156,1.3624273488930023,-1.7700577457103197,Sp0523+4623
-0.5,None,-21.687597645434238,29.013424247759602,-26.786546405984566,34.17938466328139,29.013424247759602,Sp0523-1403
-0.5,None,4.232285677378525,34.62302331100657,1.5622305161628613,37.75157523074641,34.62302331100657,Sp0523-5607
-0.5,None,17.15449910252058,29.791937089589016,16.032481043637905,30.97316408533101,29.791937089589016,Sp0523-7658
-0.5,None,-36.60248627300695,12.305033816188244,-42.43488813281551,16.696251516976062,12.305033816188244,Sp0525+2102
-0.5,None,1.043680271878504,34.53003408497839,-2.036616779261498,38.14121061138213,34.53003408497839,Sp0526-5026
-0.5,None,-29.34164296530113,20.884639861735323,-35.081028764658626,25.873809323409542,20.884639861735323,Sp0528+0258
-0.5,None,-38.48346851598556,-2.9081214505670805,-42.847919229965804,0.21299721864721155,-2.9081214505670805,Sp0528+4712
-0.5,None,-17.041414422723935,29.56873511259791,-21.90825452047429,34.67312763147223,29.56873511259791,Sp0529-2002
-0.5,None,-33.60123955195909,14.422240317369063,-39.48614787846622,19.070556475731003,14.422240317369063,Sp0530+1503
-0.5,None,-35.44918344270345,-11.728666741111542,-38.23931018112135,-9.590092110603377,-11.728666741111542,Sp0530+6253
-0.5,None,-28.30716805210478,20.50190341202631,-34.039627663098805,25.51588154391144,20.50190341202631,Sp0531+0215
-0.5,None,-28.8786972285242,19.216562073397057,-34.660888203939464,24.18977998319876,19.216562073397057,Sp0532+0418
-0.5,None,20.294804371835223,27.750619656432757,19.569383654399157,28.479759978169515,27.750619656432757,Sp0532-8157
-0.5,None,-28.34270638948251,19.520164164070778,-34.107051794715744,24.516042405244686,19.520164164070778,Sp0533+0323
-0.5,None,-37.67686262900093,1.6884859104752759,-42.796428670350224,5.3672419579195765,1.6884859104752759,Sp0533+3740
-0.5,None,-37.270096895674676,-5.68065891599972,-41.30171772455228,-2.7425063964010086,-5.68065891599972,Sp0533+5054
-0.5,None,-18.769624533517074,26.848665093340752,-23.90399889962653,32.00371992943747,26.848665093340752,Sp0534-1511
-0.5,None,-21.718196492809547,24.662204090698282,-27.09170933222304,29.827981693177005,24.662204090698282,Sp0535-0931
-0.5,None,-21.931215443868126,23.707798148297787,-27.36406502906365,28.869616133475965,23.707798148297787,Sp0537-0816
-0.5,None,-36.64898578783621,-0.9286806953281725,-41.559653650789336,2.6369736566070454,-0.9286806953281725,Sp0539+4038
-0.5,None,-36.64530213020866,-4.45590156009053,-41.02576697244489,-1.2596846809127846,-4.45590156009053,Sp0539+4712
-0.5,None,-36.1375473344333,-7.520982233931545,-39.99111630014476,-4.667277700680024,-7.520982233931545,Sp0539+5253
-0.5,None,-24.951612171870828,20.0898365395455,-30.629837796889117,25.181886281048012,20.0898365395455,Sp0539-0059
-0.5,None,0.5849986404756308,32.52687006601478,-2.8213476329706837,36.395245037341695,32.52687006601478,Sp0539-4708
-0.5,None,-27.165891167311326,15.482688224216494,-33.01029140356925,20.4393799130427,15.482688224216494,Sp0544+0639
-0.5,None,-18.988310464851182,23.2587736817306,-24.35281241696844,28.42672230882031,23.2587736817306,Sp0544-1109
-0.5,None,-17.873967191391678,23.929425039848933,-23.161366784023055,29.09120297724029,23.929425039848933,Sp0544-1309
-0.5,None,-11.775954637371644,27.73416875401841,-16.539614368096423,32.72265532614554,27.73416875401841,Sp0544-2433
-0.5,None,-34.2016770245177,-10.1474634376731,-37.85745145986147,-7.370787573280002,-10.1474634376731,Sp0551+5511
-0.5,None,-22.57122170001911,16.83143929120637,-28.313868767610863,21.932544777706184,16.83143929120637,Sp0552-0002
-0.5,None,12.25482529392214,30.134782970777614,10.01670525954648,32.52222802800321,30.134782970777614,Sp0552-6452
-0.5,None,15.842376652657403,29.184877354214915,14.147007603150767,30.941517465038636,29.184877354214915,Sp0553-7133
-0.5,None,-28.310013055992922,8.684923834635505,-34.1770731227165,13.418298495177295,8.684923834635505,Sp0555+1608
-0.5,None,6.660396978906343,30.182920461870506,3.5895684713817806,33.52018984572318,30.182920461870506,Sp0555-5402
-0.5,None,-25.17675780745239,12.378395794903419,-31.047809061060914,17.33824564719963,12.378395794903419,Sp0556+0802
-0.5,None,-28.04912409320049,8.743662568262815,-33.91902553479161,13.491627628778762,8.743662568262815,Sp0556+1546
-0.5,None,-1.7146631879427021,28.33355382223618,-5.814892693212554,32.7309899935999,28.33355382223618,Sp0556-3832
-0.5,None,-21.760070379016096,15.276062739723908,-27.534305289553977,20.37466886174903,15.276062739723908,Sp0557+0048
-0.5,None,-28.2097951324011,7.803703381256585,-34.064978817474596,12.513415601709653,7.803703381256585,Sp0557+1708
-0.5,None,-25.231807232929096,9.749630138810073,-31.11753965155109,14.647952317827446,9.749630138810073,Sp0601+1115
-0.5,None,-32.11732138565638,-3.986768774577008,-37.1148158007801,-0.19229573932842584,-3.986768774577008,Sp0602+3910
-0.5,None,-15.972144152470337,18.304201845735662,-21.501625267083835,23.47217288194862,18.304201845735662,Sp0602-0915
-0.5,None,-15.78118130538083,18.80817149044682,-21.280950415870887,23.974904598844326,18.80817149044682,Sp0602-1001
-0.5,None,21.04509335019267,26.79217066428329,20.207760235748705,27.605890174183898,26.79217066428329,Sp0603-8127
-0.5,None,-28.15408767689278,3.779942088352711,-33.906297459546636,8.344315935909426,3.779942088352711,Sp0604+2219
-0.5,None,-29.895587183226745,0.49151234245508735,-35.42670829810168,4.783645088101536,0.49151234245508735,Sp0604+2906
-0.5,None,-30.854637905628778,-1.5027270522677498,-36.1897986385245,2.593680655673689,-1.5027270522677498,Sp0604+3322
-0.5,None,-8.233102605539786,22.942872024941636,-13.197113121733482,27.916864230609093,22.942872024941636,Sp0605-2342
-0.5,None,-28.11514059735626,2.1436344757177133,-33.803365872458166,6.640548708766635,2.1436344757177133,Sp0607+2429
-0.5,None,-31.772345272030826,-7.987202968830051,-36.28031618120975,-4.532825040492059,-7.987202968830051,Sp0607+4550
-0.5,None,-23.42068742009358,8.47682263393079,-29.306450566870712,13.412409710512204,8.47682263393079,Sp0608+1041
-0.5,None,-0.05972686719087405,25.673580373226248,-4.317397006246506,30.094877880650767,25.673580373226248,Sp0609-3739
-0.5,None,-1.904569184515411,24.55693448851362,-6.393530987472382,29.1636148928908,24.55693448851362,Sp0610-3346
-0.5,None,-29.319441238993633,-2.912470492911149,-34.638264776445446,1.2244221746173167,-2.912470492911149,Sp0611+3325
-0.5,None,-30.153574764528802,-17.944037856031446,-32.4924176786835,-16.02848678424353,-17.944037856031446,Sp0611+6818
-0.5,None,7.215246979497108,27.540240700134063,3.818956018542632,31.09829167571095,27.540240700134063,Sp0611-5109
-0.5,None,-29.720973154697994,-5.751854161127168,-34.74245002942562,-1.854800537236521,-5.751854161127168,Sp0614+3833
-0.5,None,-30.50600030561736,-8.99973497136723,-35.028649084860795,-5.491223806531764,-8.99973497136723,Sp0614+4536
-0.5,None,-8.133922777551389,19.83004402046254,-13.309826055811659,24.866424881809916,19.83004402046254,Sp0614-2019
-0.5,None,-16.91944382348716,11.992735921860524,-22.70228332138044,17.135821884950275,11.992735921860524,Sp0615-0100
-0.5,None,-30.469065391231617,-11.101519819344508,-34.65017485564031,-7.835532953229045,-11.101519819344508,Sp0616+4946
-0.5,None,-30.56868967578598,-14.299218772248983,-34.0376718906835,-11.5490858468865,-14.299218772248983,Sp0616+5729
-0.5,None,5.239402046942614,26.07695625524513,1.452644732911686,29.99639926830012,26.07695625524513,Sp0616-4557
-0.5,None,9.132569975904424,26.481990560829292,5.799797212034229,29.906481561503178,26.481990560829292,Sp0619-5249
-0.5,None,-22.274220426009112,3.18148464595181,-28.119140209830267,8.026303401253953,3.18148464595181,Sp0621+1555
-0.5,None,-8.605270941522871,16.36090480990568,-14.005438105791923,21.462980065589655,16.36090480990568,Sp0622-1548
-0.5,None,-5.5631264378225165,18.688540017611647,-10.707600750044572,23.667652747921714,18.688540017611647,Sp0622-2211
-0.5,None,-25.279967480677715,-1.9213507226259572,-30.871747148991506,2.572726510071517,-1.9213507226259572,Sp0623+2631
-0.5,None,-29.443425462224063,-12.891056047732686,-33.46318152637677,-9.707333078809,-12.891056047732686,Sp0623+5137
-0.5,None,16.723088483705855,26.900944573536766,14.643982613675965,28.96668819413093,26.900944573536766,Sp0623-6838
-0.5,None,-25.51929354711056,-2.910183797250618,-31.04483709557401,1.519634595914028,-2.910183797250618,Sp0624+2815
-0.5,None,-29.085122404798962,-18.504721807301657,-31.64920313419612,-16.394884660756137,-18.504721807301657,Sp0624+6626
-0.5,None,6.268575898905138,24.480197010281938,2.38050973960431,28.423248551636963,24.480197010281938,Sp0624-4521
-0.5,None,-10.5099853589237,13.778053851293901,-16.09328531370395,18.93159421551642,13.778053851293901,Sp0625-1034
-0.5,None,-15.249831023140073,8.85534363174442,-21.080161352961902,13.994751010814117,8.85534363174442,Sp0626+0041
-0.5,None,-26.60531704267819,-6.337445402344594,-31.816567709798377,-2.19139187953205,-6.337445402344594,Sp0626+3454
-0.5,None,-29.08023789221619,-15.429336088815147,-32.61861316261593,-12.585071733406146,-15.429336088815147,Sp0627+5651
-0.5,None,-5.678420022832809,15.758301067848405,-11.009714352121783,20.800552907521226,15.758301067848405,Sp0630-1840
-0.5,None,20.370153734176775,26.117117946277347,19.0158974924014,27.414270589284126,26.117117946277347,Sp0630-7643
-0.5,None,-26.124290560430346,-23.51778163963105,-26.8819894160275,-22.850579808218807,-23.51778163963105,Sp0632+8305
-0.5,None,-9.184040570536991,12.03830107077387,-14.80555534593877,17.189786816923046,12.03830107077387,Sp0632-1009
-0.5,None,9.653993403102875,24.11703974789425,6.0456370257450684,27.72053970560322,24.11703974789425,Sp0632-5010
-0.5,None,-22.153114904979795,-3.2079677729841536,-27.796151036790974,1.4224754770193275,-3.2079677729841536,Sp0634+2413
-0.5,None,-11.168962643740002,8.803201071228036,-16.941187048966523,13.971345738823473,8.803201071228036,Sp0635-0403
-0.5,None,-1.1029670373061093,15.361036558402834,-6.278261345831619,20.256524570122156,15.361036558402834,Sp0640-2352
-0.5,None,7.967496931754267,21.154884986246962,3.8383529042345845,25.18545644679003,21.154884986246962,Sp0641-4322
-0.5,None,17.796243107636794,25.038486656503114,15.503595265212823,27.2454436127029,25.038486656503114,Sp0642-6707
-0.5,None,-17.68021613892277,-1.6982949309479287,-23.488616200960777,3.2006946036559842,-1.6982949309479287,Sp0643+1631
-0.5,None,-10.066463055911663,6.26798574943835,-15.88278901965644,11.434995783454642,6.26798574943835,Sp0643-0223
-0.5,None,-2.8722630411786705,12.862599765810023,-8.266186925909379,17.879221528088035,12.862599765810023,Sp0643-1843
-0.5,None,-26.920957658041115,-21.792114644568738,-28.899894556222932,-20.107379129161156,-21.792114644568738,Sp0644+7206
-0.5,None,1.871349354201405,16.22428263740033,-3.1058312201844838,20.953311353475378,16.22428263740033,Sp0644-2841
-0.5,None,23.219083092127992,25.172317676880812,22.6217085248108,25.7225135195115,25.172317676880812,Sp0644-8422
-0.5,None,-0.7491474071699441,13.280639943098745,-6.041000165564719,18.217024980535914,13.280639943098745,Sp0646-2150
-0.5,None,17.854797895874327,24.265062497141024,15.402756118863628,26.60359036924261,24.265062497141024,Sp0648-6537
-0.5,None,-24.28883818083592,-15.575627672971017,-28.643083178756335,-11.978579827895697,-15.575627672971017,Sp0652+4710
-0.5,None,-1.9349256614645656,9.784850193983067,-7.455039181945866,14.832149275366424,9.784850193983067,Sp0652-1614
-0.5,None,2.0815583489306526,13.447312203597749,-3.0828745196558702,18.261065311735805,13.447312203597749,Sp0652-2534
-0.5,None,-25.39194074333897,-24.24974363384607,-26.142163758035828,-23.5897982876742,-24.24974363384607,Sp0655+8318
-0.5,None,-16.821018837427417,-6.833322787630056,-22.476442212192847,-2.0540950255032353,-6.833322787630056,Sp0656+2211
-0.5,None,-26.009967045024066,-22.000135401791972,-28.364862555408436,-19.993753129883263,-22.000135401791972,Sp0656+6841
-0.5,None,-14.226654993504784,-5.65279299313647,-19.993183779613574,-0.7245452549004284,-5.65279299313647,Sp0659+1717
-0.5,None,-15.088111772831775,-6.387749442425298,-20.810467857994006,-1.5145512211937115,-6.387749442425298,Sp0659+1920
-0.5,None,-19.04237587081524,-11.57759868127939,-24.316538533196294,-7.144459912506086,-11.57759868127939,Sp0700+3157
-0.5,None,17.832079997746913,21.964269564085374,14.919395244244361,24.678763235343045,21.964269564085374,Sp0702-6102
-0.5,None,-9.621148121388156,-2.1510601812165038,-15.502776560932356,2.9664765166760985,-2.1510601812165038,Sp0703+0711
-0.5,None,-22.328997499962817,-17.136545479835977,-26.708044850037634,-13.455941510919237,-17.136545479835977,Sp0703+4632
-0.5,None,5.273986606714317,11.96147914386537,0.15213349050116337,16.668135545954932,11.96147914386537,Sp0703-2748
-0.5,None,7.142482363531478,13.591066074539185,2.236111335975901,18.12257213642064,13.591066074539185,Sp0703-3216
-0.5,None,18.088711018621588,21.976847124956837,15.218446301170903,24.646664929758085,21.976847124956837,Sp0703-6134
-0.5,None,-7.510714798666417,-0.7806520280410019,-13.394427441702895,4.375009933915411,-0.7806520280410019,Sp0704+0258
-0.5,None,-17.92906480016348,-11.776627510653908,-23.25331775511623,-7.274521565123354,-11.776627510653908,Sp0704+3038
-0.5,None,-22.279343197455194,-17.794267884519194,-26.565669652889227,-14.180179633656047,-17.794267884519194,Sp0705+4742
-0.5,None,-14.745787451182984,-9.152967203623504,-20.365135706065193,-4.352428042159682,-9.152967203623504,Sp0706+2234
-0.5,None,-19.921349267007386,-15.20234086933166,-24.801035344705824,-11.079400871834748,-15.20234086933166,Sp0706+3858
-0.5,None,6.102089675909655,11.044374344460579,0.9550125150700178,15.74110964367484,11.044374344460579,Sp0707-2742
-0.5,None,14.440055841036306,18.25832240261011,10.544138366098924,21.860014009150998,18.25832240261011,Sp0707-4900
-0.5,None,22.141581002728383,23.530557159468763,20.480751170775015,25.039018683637103,23.530557159468763,Sp0710-7431
-0.5,None,-20.274447231039893,-17.500169664528798,-24.84954523287112,-13.608079317113711,-17.500169664528798,Sp0711+4329
-0.5,None,7.750555709742655,11.206471324222377,2.693185091015602,15.804640465346788,11.206471324222377,Sp0711-3001
-0.5,None,11.027339151836971,14.307396707333094,6.418130336993196,18.524486214124696,14.307396707333094,Sp0711-3824
-0.5,None,-20.906132558356408,-19.05862765132063,-25.184964031845542,-15.404456533395058,-19.05862765132063,Sp0713+4732
-0.5,None,-17.93425732248997,-15.968312016151433,-22.903044495183828,-11.718319118580203,-15.968312016151433,Sp0714+3702
-0.5,None,1.1641168741213537,2.8805062748874173,-4.551695870614346,7.96237104956327,2.8805062748874173,Sp0715-1145
-0.5,None,20.56737207643815,21.524563888709938,18.032864975173993,23.82132285478929,21.524563888709938,Sp0715-6544
-0.5,None,-0.8282939722628498,0.4705723962314473,-6.642383705263347,5.612615423776677,0.4705723962314473,Sp0716-0630
-0.5,None,0.8727013098885188,1.7663949148874907,-4.8825142222257565,6.869034824187645,1.7663949148874907,Sp0717-1004
-0.5,None,16.825259125636162,17.036846221424014,13.010375737009529,20.47853492788706,17.036846221424014,Sp0719-5051
-0.5,None,0.8541360984233243,0.694846472174827,-4.929965626929998,5.810392651472206,0.8541360984233243,Sp0720-0846
-0.5,None,-10.314930647940868,-11.3253996364927,-15.979454787407088,-6.397749418782975,-10.314930647940868,Sp0721+1937
-0.5,None,-16.598813087228148,-17.417197655599246,-21.532574434218812,-13.149755326164096,-16.598813087228148,Sp0721+3714
-0.5,None,10.285047608723096,9.49714341568638,5.228040244175258,14.015366862560517,10.285047608723096,Sp0721-3105
-0.5,None,-3.490800612888556,-4.592704660935279,-9.376754026316256,0.572710772895747,-3.490800612888556,Sp0722+0243
-0.5,None,-21.666886321961677,-22.82036194653167,-25.10482112250033,-19.833210468666802,-21.666886321961677,Sp0723+5727
-0.5,None,4.142203505238953,2.3329547525069314,-1.5268141577863297,7.34857204507345,4.142203505238953,Sp0723-1439
-0.5,None,4.617601994763218,3.1956742361343267,-1.0066543900869802,8.179523781095247,4.617601994763218,Sp0723-1616
-0.5,None,11.45302839192917,9.933981104107897,6.4904012788613645,14.355964969757935,11.45302839192917,Sp0723-3309
-0.5,None,23.768516636041568,23.654091531888152,22.69559727439123,24.608132965717278,23.768516636041568,Sp0723-8015
-0.5,None,-22.314181611210888,-24.14575475574501,-25.225308077639404,-21.600935559101462,-22.314181611210888,Sp0726+6302
-0.5,None,-23.911338812968467,-25.31887852087274,-25.490943309052597,-23.931974200386527,-23.911338812968467,Sp0729+7554
-0.5,None,9.96240159161324,5.9385371576256345,4.651075317578771,10.619170677430121,9.96240159161324,Sp0729-2608
-0.5,None,15.903691303325028,12.710281830019435,11.486435274364695,16.611529427123354,15.903691303325028,Sp0729-4258
-0.5,None,-6.867545487735419,-11.880538488415672,-12.601098010639028,-6.848845571262206,-6.867545487735419,Sp0730+1553
-0.5,None,1.0877926175535375,-3.828117210273188,-4.776407666890791,1.323499700636007,1.0877926175535375,Sp0730-0339
-0.5,None,-1.3744882226172273,-6.778391086254032,-7.25943013137045,-1.6106867441054533,-1.3744882226172273,Sp0731+0249
-0.5,None,-13.587595741477358,-18.658344516244075,-18.633974135769392,-14.221141826298757,-13.587595741477358,Sp0732+3427
-0.5,None,-20.627226145861904,-24.057462839911842,-24.00374258747983,-21.08805831783249,-20.627226145861904,Sp0732+5755
-0.5,None,8.494948151769687,2.5767501077549575,2.952208063211728,7.433996082907209,8.494948151769687,Sp0733-2010
-0.5,None,16.892012844059085,12.117070813030717,12.488809402165094,15.968674603928225,16.892012844059085,Sp0734-4330
-0.5,None,-21.104612783142155,-24.915324084540885,-24.135382651122157,-22.240177737861135,-21.104612783142155,Sp0735+6137
-0.5,None,-8.41693649502038,-15.964562312806036,-13.928752568326065,-11.09444548203122,-8.41693649502038,Sp0737+2313
-0.5,None,11.394694135228281,3.9721557089673345,6.023002180957997,8.649039878079877,11.394694135228281,Sp0737-2526
-0.5,None,19.421367141539566,13.602122825661652,15.417592954719149,17.068320473736346,19.421367141539566,Sp0739-4926
-0.5,None,-4.498313697065563,-13.598687432927974,-10.229798105911621,-8.534483937243012,-4.498313697065563,Sp0740+1502
-0.5,None,8.867224852317905,-0.052652105168793394,3.2227826467233647,4.859119378428127,8.867224852317905,Sp0740-1724
-0.5,None,-0.1254450867330098,-10.277475406119926,-5.992216467999544,-5.113746938560075,-0.1254450867330098,Sp0741+0531
-0.5,None,-5.32259299416503,-14.827046121254785,-10.989417382387748,-9.809664844181178,-5.32259299416503,Sp0741+1738
-0.5,None,3.626219365781385,-6.0659402420339585,-2.244437738865626,-0.9263100524059692,3.626219365781385,Sp0741-0359
-0.5,None,5.108535907627977,-4.928232846732667,-0.7351626079391193,0.17693607503460085,5.108535907627977,Sp0741-0706
-0.5,None,13.780188278287111,4.158682493652149,8.51662215319207,8.694383131325964,13.780188278287111,Sp0743-2836
-0.5,None,20.123605454541377,12.17493188198191,16.006915630714005,15.691688953327017,20.123605454541377,Sp0745-4815
-0.5,None,-5.08126930696095,-16.917993845380334,-10.666102419870079,-11.940750241908011,-5.08126930696095,Sp0746+2000
-0.5,None,2.5642109791845193,-10.425792511228215,-3.3162528400224787,-5.257743934661485,2.5642109791845193,Sp0748+0228
-0.5,None,-19.26240021438549,-26.773977986191323,-22.267266412052503,-24.06987462982255,-19.26240021438549,Sp0750+6131
-0.5,None,14.252389850608408,1.2818672300815293,8.835126895072728,5.905083750573488,14.252389850608408,Sp0751-2530
-0.5,None,-2.268886113858943,-16.804468442804005,-7.942284688698152,-11.73910446692511,-2.268886113858943,Sp0752+1612
-0.5,None,1.1444611822234543,-14.341567187010405,-4.670257882745395,-9.188213088175786,1.1444611822234543,Sp0753+0854
-0.5,None,-1.8375443322487404,-17.127095516464987,-7.51013595216991,-12.056393826744975,-1.8375443322487404,Sp0754+1603
-0.5,None,14.635120637630907,-0.21875653557144378,9.1511449527156,4.439151327374257,14.635120637630907,Sp0755-2404
-0.5,None,19.149755197289455,5.087995602741065,14.226941719762422,9.205485850357752,19.149755197289455,Sp0757-3635
-0.5,None,11.143921135162227,-6.012607234656106,5.35649822806753,-1.0432961658156013,11.143921135162227,Sp0758-1252
-0.5,None,20.174514343460228,6.406191489246952,15.43425819900223,10.357245109686659,20.174514343460228,Sp0758-3945
-0.5,None,4.734917875594339,-13.374976169138936,-1.132918357509783,-8.207487861336087,4.734917875594339,Sp0759+0323
-0.5,None,-16.09060169385135,-27.64103677340702,-19.616516457288363,-24.41079534073708,-16.09060169385135,Sp0800+5511
-0.5,None,-16.383673454250783,-27.847582086377127,-19.80581882582449,-24.711396381669754,-16.383673454250783,Sp0801+5624
-0.5,None,5.409944476744005,-13.992675314790107,-0.45595628666461346,-8.82602523850746,5.409944476744005,Sp0802+0319
-0.5,None,3.541958184448969,-16.399770173189665,-2.2626991719306564,-11.238070752580498,3.541958184448969,Sp0803+0827
-0.5,None,6.452329187989818,-13.79559837330817,0.5778788501352782,-8.634909022657935,6.452329187989818,Sp0804+0151
-0.5,None,5.7601324513322725,-14.499204956800753,-0.10254284551563565,-9.332627826659836,5.7601324513322725,Sp0804+0330
-0.5,None,-17.866314364689043,-28.36260872816812,-20.799487245422156,-25.68084407670326,-17.866314364689043,Sp0804+6153
-0.5,None,5.819600073586741,-15.20883448544902,-0.034328022466840004,-10.041063782082205,5.819600073586741,Sp0805+0417
-0.5,None,-12.822028702125138,-27.739083161942563,-16.86764305893792,-23.990154754342797,-12.822028702125138,Sp0805+4812
-0.5,None,11.12614881762736,-9.579787528336174,5.27021046502682,-4.541971643454537,11.12614881762736,Sp0805-0835
-0.5,None,19.247875081201183,1.583007721915315,14.058857079597008,5.882378069861397,19.247875081201183,Sp0805-3158
-0.5,None,18.486377064813503,-0.23983499413112022,13.143771045442948,4.195838292495932,18.486377064813503,Sp0806-2839
-0.5,None,-5.965380866055129,-25.08918160723011,-10.97909996873761,-20.454111564475298,-5.965380866055129,Sp0807+3213
-0.5,None,19.407764790702462,0.6595334588570926,14.162554536646601,4.993165359948682,19.407764790702462,Sp0807-3056
-0.5,None,-5.736164848423059,-25.14430921117405,-10.760421930068897,-20.4966398737864,-5.736164848423059,Sp0808+3157
-0.5,None,21.635479236134927,3.346192605403051,16.712408213595058,7.367161765300915,21.635479236134927,Sp0809-3720
-0.5,None,7.271593975630817,-15.923417574042375,1.4145382767690886,-10.759413103797007,7.271593975630817,Sp0810+0324
-0.5,None,2.575959186661722,-20.291910339493366,-3.092423967620659,-15.172665120576635,2.575959186661722,Sp0810+1420
-0.5,None,22.713767882698917,5.134017771204683,18.026492286384084,8.94477161830492,22.713767882698917,Sp0810-4115
-0.5,None,0.5967397476552861,-21.951697046586055,-4.941514413261484,-16.904099439699934,0.5967397476552861,Sp0811+1855
-0.5,None,21.024272332011538,1.0349942953766258,15.882849843566925,5.234993363395245,21.024272332011538,Sp0811-3324
-0.5,None,18.516870695081366,-3.323323751389448,13.00391084043044,1.2380566826741393,18.516870695081366,Sp0812-2444
-0.5,None,25.309140036008127,10.03730867504444,21.443210098415406,13.150525204708742,25.309140036008127,Sp0813-5232
-0.5,None,22.315896435630822,1.804063469374466,17.303278737445027,5.861962467786493,22.315896435630822,Sp0814-3602
-0.5,None,13.433416586809477,-11.686393347676404,7.569216043625026,-6.674926061661609,13.433416586809477,Sp0815-0843
-0.5,None,0.1427181109314378,-25.156513839469284,-5.201813421787313,-20.20006317615399,0.1427181109314378,Sp0818+2333
-0.5,None,3.2936255290340077,-23.207904830660212,-2.2742858388839644,-18.11345230777073,3.2936255290340077,Sp0819+1658
-0.5,None,12.760718310916468,-14.343052981563162,6.875379111160885,-9.270595431899524,12.760718310916468,Sp0819-0450
-0.5,None,12.956922692345675,-14.228721588494533,7.072178695739242,-9.162472382309664,12.956922692345675,Sp0819-0511
-0.5,None,16.107068555899268,-10.015254489861551,10.299255119674376,-5.129750615575255,16.107068555899268,Sp0819-1345
-0.5,None,-9.18438797644747,-30.21612234704199,-13.338556929892436,-26.261545903521004,-9.18438797644747,Sp0821+4532
-0.5,None,7.040336257517541,-21.771502241807948,1.3189276157065337,-16.609852947778844,7.040336257517541,Sp0823+1034
-0.5,None,0.704540403069336,-26.481709979490436,-4.582203712417129,-21.540424975901875,0.704540403069336,Sp0823+2428
-0.5,None,-15.588091442542893,-30.63658029732099,-18.497282353894555,-27.912279663576093,-15.588091442542893,Sp0823+6125
-0.5,None,2.503054386561002,-25.854663299879167,-2.901002206204243,-20.83082672357069,2.503054386561002,Sp0825+2115
-0.5,None,19.898122630568032,-8.115583615944,14.215895108425869,-3.455483669769706,19.898122630568032,Sp0825-2021
-0.5,None,23.174052743443486,-2.950072893316871,17.85718262026247,1.2991725013544386,23.174052743443486,Sp0826-3040
-0.5,None,-8.0952202729015,-31.133837580402762,-12.253781367873314,-27.138698539148223,-8.0952202729015,Sp0827+4502
-0.5,None,27.35229359325941,8.088621277792315,23.436786793815656,11.1488918340525,27.35229359325941,Sp0827-5216
-0.5,None,-0.45018325907798057,-28.62649342290459,-5.522845012504799,-23.814626778893913,-0.45018325907798057,Sp0828+2853
-0.5,None,18.023554969930842,-12.326646352184884,12.192907723653272,-7.458000784572981,18.023554969930842,Sp0828-1309
-0.5,None,18.742495767565664,-11.35888428588578,12.94153844221026,-6.545283259920742,18.742495767565664,Sp0828-1506
-0.5,None,6.224173324206311,-24.59799537692996,0.6288508508835844,-19.46574241662319,6.224173324206311,Sp0829+1456
-0.5,None,0.8339307174353197,-28.414116064264793,-4.327063852666584,-23.52851826706805,0.8339307174353197,Sp0829+2646
-0.5,None,14.091432907010727,-17.51848425133293,8.20939479241686,-12.431257806737122,14.091432907010727,Sp0829-0238
-0.5,None,8.89113692400707,-23.00816985149617,3.1702684916294284,-17.841217596215763,8.89113692400707,Sp0830+0947
-0.5,None,13.503568085295198,-18.49919850497858,7.63097598393582,-13.388491064174541,13.503568085295198,Sp0830-0050
-0.5,None,8.904879665961381,-23.571264275283568,3.20212552875014,-18.40569597666546,8.904879665961381,Sp0831+1025
-0.5,None,22.88433926535881,-6.624228787392794,17.347912807360057,-2.1889550387086674,22.88433926535881,Sp0831-2535
-0.5,None,14.175430587976617,-18.613299026174328,8.300217263976508,-13.513835511027175,14.175430587976617,Sp0832-0128
-0.5,None,14.315940402761669,-18.66441248026691,8.440433247014806,-13.56708479006765,14.315940402761669,Sp0832-0134
-0.5,None,-3.4626618455519647,-31.24260784390723,-8.082098484826409,-26.776179294721842,-3.4626618455519647,Sp0833+3706
-0.5,None,28.41758497639276,7.183123975628107,24.4920374032658,10.204091240466239,28.41758497639276,Sp0833-5217
-0.5,None,28.462726036312013,7.912544351040517,24.65121726517704,10.849247869260084,28.462726036312013,Sp0833-5336
-0.5,None,9.632297142830897,-24.3816165180811,3.940888143267395,-19.2151757153888,9.632297142830897,Sp0835+1029
-0.5,None,17.795375048583857,-16.213992691350345,11.915088735832434,-11.248581803184685,17.795375048583857,Sp0835-0819
-0.5,None,25.83418208413582,-3.65270352753782,20.589689952882093,0.43801144371088463,25.83418208413582,Sp0836-3250
-0.5,None,29.202374909105846,10.197013437138741,25.873103252776374,12.750991100084558,29.202374909105846,Sp0838-5856
-0.5,None,6.998403241369323,-28.335597635783888,1.5571900611296763,-23.235394232212066,6.998403241369323,Sp0840+1824
-0.5,None,-7.643824610802234,-33.605108098497595,-11.490204724876735,-29.832420945459525,-7.643824610802234,Sp0840+4827
-0.5,None,-12.650280481164275,-33.03572245844745,-15.6732811503515,-30.12501614366227,-12.650280481164275,Sp0840+5911
-0.5,None,-1.60383279993645,-32.707670029896576,-6.227768300421415,-28.18069624628921,-1.60383279993645,Sp0841+3611
-0.5,None,-12.743193761298397,-33.05345882145655,-15.738178767711778,-30.17047832983562,-12.743193761298397,Sp0841+5929
-0.5,None,11.446707551632052,-26.203805833520338,5.777974859123633,-21.035473513165655,11.446707551632052,Sp0843+1024
-0.5,None,14.236496594198151,-23.957495488210238,8.44664268280045,-18.808293596363107,14.236496594198151,Sp0844+0434
-0.5,None,26.619760550896896,-6.931336463148815,21.19750937964017,-2.729860171217682,26.619760550896896,Sp0844-2924
-0.5,None,23.156562666904332,-15.060272696867354,17.334066554894097,-10.339931576429775,23.156562666904332,Sp0847-1532
-0.5,None,24.933279683558656,-12.682052607802788,19.20208938014813,-8.132157328840954,24.933279683558656,Sp0848-2019
-0.5,None,30.686983359771983,7.893244294433967,27.16420883596179,10.52486576972134,30.686983359771983,Sp0848-5656
-0.5,None,27.652769566987526,19.620560427011224,26.434968639583808,20.594795271888785,27.652769566987526,Sp0848-7853
-0.5,None,16.34264745672957,-24.103342434297474,10.526937193209658,-18.981604897128445,16.34264745672957,Sp0849+0220
-0.5,None,2.5328047299048206,-33.92363689638265,-2.2880478215220306,-29.164687796619486,2.5328047299048206,Sp0850+3126
-0.5,None,19.04231174357099,-21.770724705021962,13.168527162609532,-16.739739219917062,19.04231174357099,Sp0850-0318
-0.5,None,25.024283582452,-13.515856474793672,19.26890214724086,-8.941387505734724,25.024283582452,Sp0850-1924
-0.5,None,31.00488547131048,5.117041354234002,27.074557926796636,8.027681258471059,31.00488547131048,Sp0850-5227
-0.5,None,-19.755378140557653,-29.71274913836806,-21.06829859922743,-28.52927783199509,-19.755378140557653,Sp0851+7727
-0.5,None,5.7821922725670225,-33.0453668076408,0.6926089254035567,-28.085014783250813,5.7821922725670225,Sp0852+2540
-0.5,None,19.901128692583633,-22.440065287725144,14.028703327542761,-17.421759315091872,19.901128692583633,Sp0853-0329
-0.5,None,27.493143952994643,-11.302215397626485,21.875237693697038,-6.960533292766987,27.493143952994643,Sp0853-2446
-0.5,None,21.908676529122502,-20.313964783725005,16.02266991123103,-15.403654774918527,21.908676529122502,Sp0854-0805
-0.5,None,28.026306185440497,-11.418262150281908,22.418111462143912,-7.10630094869892,28.026306185440497,Sp0855-2512
-0.5,None,-9.696561708608712,-35.54405142990503,-12.794091008502296,-32.474322760037005,-9.696561708608712,Sp0857+5708
-0.5,None,15.863100815025303,-28.653923909085137,10.181662276390403,-23.493231373832938,15.863100815025303,Sp0858+0758
-0.5,None,14.274732064338854,-30.37321032043993,8.699277874746933,-25.2045274379867,14.274732064338854,Sp0859+1145
-0.5,None,-12.828840383776258,-34.43487935587191,-15.382882500529584,-31.958267271830294,-12.828840383776258,Sp0859+6341
-0.5,None,9.330232782499483,-33.818326454432466,4.1186419277747275,-28.751975198228212,9.330232782499483,Sp0900+2150
-0.5,None,30.611349083673392,13.936325045619112,28.39867261051956,15.601795925564282,30.611349083673392,Sp0901-6940
-0.5,None,20.069206318398155,-26.222884244020324,14.250716330404147,-21.149837649948243,20.069206318398155,Sp0902+0033
-0.5,None,-15.55297320521183,-33.01485606660883,-17.57260507124418,-31.10711226107736,-15.55297320521183,Sp0902+6939
-0.5,None,17.99955755506486,-28.770955490032414,12.278506789585785,-23.631527990313472,17.99955755506486,Sp0903+0540
-0.5,None,-8.386841630849563,-36.726666661625146,-11.497381268604201,-33.60243283999902,-8.386841630849563,Sp0905+5623
-0.5,None,23.87607120906332,-23.835545156016153,17.996291993113903,-18.919952127198876,23.87607120906332,Sp0906-0611
-0.5,None,32.11633624520904,-8.397176269051025,26.832669207721104,-4.538828845653087,32.11633624520904,Sp0906-3332
-0.5,None,32.33962751355178,-7.623476436373859,27.123534219375994,-3.8295140253018753,32.33962751355178,Sp0906-3449
-0.5,None,32.53540913717662,-7.062965519071511,27.372883372392703,-3.3201758154211585,32.53540913717662,Sp0906-3548
-0.5,None,33.42556185545154,-2.6497566245612125,28.733242856302674,0.6985807832844408,33.42556185545154,Sp0907-4308
-0.5,None,17.618049647895408,-31.05763148887789,11.985024296658615,-25.89914062959701,17.618049647895408,Sp0908+0836
-0.5,None,14.538855284251822,-33.561889917352055,9.107078654347427,-28.400577734841008,14.538855284251822,Sp0908+1459
-0.5,None,-4.845977939510154,-38.00471115650446,-8.369970192862535,-34.39467402135769,-4.845977939510154,Sp0908+5032
-0.5,None,12.333938914067518,-35.31921109718127,7.086359827669838,-30.203650366802034,12.333938914067518,Sp0909+1940
-0.5,None,-17.104366402630873,-32.11041746408181,-18.69437151273325,-30.63877262505676,-17.104366402630873,Sp0911+7401
-0.5,None,10.354941895938857,-37.22622405595914,5.331478842057949,-32.20053920988407,10.354941895938857,Sp0912+2425
-0.5,None,25.98599641574929,-24.595793426935476,20.103649806919886,-19.744804837687017,25.98599641574929,Sp0913-0733
-0.5,None,32.71243422132127,10.343665306555442,30.046572855567756,12.269469294887276,32.71243422132127,Sp0914-6514
-0.5,None,12.538760444972338,-37.319290566889634,7.413320502758708,-32.22906875909134,12.538760444972338,Sp0916+2139
-0.5,None,28.337762201535224,-23.355279614682363,22.453203607841907,-18.641411736428154,28.337762201535224,Sp0916-1121
-0.5,None,24.125695732174453,-29.968167571078183,18.33781517334059,-24.943887600130086,24.125695732174453,Sp0919+0016
-0.5,None,13.003595448244461,-38.07485549492887,7.908483203400821,-32.98543541557967,13.003595448244461,Sp0919+2154
-0.5,None,-8.84870265029914,-37.804078003872014,-11.559908910754478,-35.06691943725926,-8.84870265029914,Sp0921+6017
-0.5,None,32.507524267185254,-18.565519332249604,26.73591130307959,-14.247716027633174,32.507524267185254,Sp0921-2104
-0.5,None,28.600548895469032,-25.813755971780914,22.717018121005033,-21.045518237496257,28.600548895469032,Sp0922-0852
-0.5,None,28.70200604911573,19.04135655823562,27.66994055174479,19.83827626518455,28.70200604911573,Sp0922-8010
-0.5,None,12.749393781161316,-39.35732662837517,7.75975158315429,-34.29943109279115,12.749393781161316,Sp0923+2340
-0.5,None,33.43507609179447,-17.72408685395465,27.7074803135493,-13.502079194717032,33.43507609179447,Sp0923-2300
-0.5,None,34.578934895644615,-15.044787643975358,28.991553057303367,-11.026217366682515,34.578934895644615,Sp0923-2727
-0.5,None,33.279678382519286,10.626212453540873,30.814011114707455,12.384423335390917,33.279678382519286,Sp0924-6655
-0.5,None,16.887964890857738,-38.09853399472924,11.626845294325879,-32.941236411948715,16.887964890857738,Sp0925+1704
-0.5,None,9.544827817339,-41.15587271297232,4.896745280316526,-36.29139878897993,9.544827817339,Sp0925+3007
-0.5,None,-4.133580733119412,-40.250593503476104,-7.3465169195170255,-36.88665579381841,-4.133580733119412,Sp0926+5309
-0.5,None,2.574074639576184,-42.119518696260826,-1.3367533740372037,-37.924111668912964,2.574074639576184,Sp0928+4230
-0.5,None,24.215487797454,-34.98516057294022,18.58357522217732,-29.891219783218595,24.215487797454,Sp0931+0528
-0.5,None,11.711370373615873,-41.99536861136298,6.995350146880516,-37.04846702603547,11.711370373615873,Sp0931+2802
-0.5,None,6.59553068608453,-42.82245761626377,2.353406825607978,-38.25955933476559,6.59553068608453,Sp0931+3638
-0.5,None,33.665916064663094,-22.75987794649985,27.815277387716158,-18.35660098286462,33.665916064663094,Sp0931-1717
-0.5,None,12.612574130459144,-42.16876917130095,7.855461938019375,-37.18626992451621,12.612574130459144,Sp0932+2659
-0.5,None,33.8235427823252,-23.98307578624101,27.95715317614094,-19.546362941745446,33.8235427823252,Sp0933-1602
-0.5,None,38.166542138767824,-5.758150506109655,33.50996319118446,-2.6586775606878454,38.166542138767824,Sp0933-4353_1
-0.5,None,38.16997353256799,-5.760995525376274,33.513351940847244,-2.661657124079697,38.16997353256799,Sp0933-4353_2
-0.5,None,37.23932352597497,-18.173748819740542,31.581715149914054,-14.204337588985554,37.23932352597497,Sp0936-2609
-0.5,None,38.43327914720059,-13.12257335334364,33.10664404305662,-9.522650066920983,38.43327914720059,Sp0936-3346
-0.5,None,37.940900309260996,-17.38714731550127,32.33887618651011,-13.510384897731397,37.940900309260996,Sp0938-2748
-0.5,None,12.129482290672797,-43.999815878575376,7.567638228051889,-39.10299849262208,12.129482290672797,Sp0939+2935
-0.5,None,5.826362791498485,-44.30795079833371,1.8411955136727918,-39.93680378670848,5.826362791498485,Sp0939+3950
-0.5,None,10.254967891784908,-44.69243442843107,5.902056750383637,-39.94646739763446,10.254967891784908,Sp0941+3315
-0.5,None,16.32500557792332,-43.81863727591704,11.49080176253732,-38.74076991924739,16.32500557792332,Sp0942+2351
-0.5,None,39.14372326563684,-2.106004029205033,35.08297207572253,0.5282756337429788,39.14372326563684,Sp0942-5047
-0.5,None,30.73037634621351,-33.74609853102592,24.946905124792767,-28.881317241712846,30.73037634621351,Sp0943-0229
-0.5,None,40.07037239694684,-10.804840940479655,35.02397827245772,-7.510512270068282,40.07037239694684,Sp0943-3833
-0.5,None,-10.010815201390209,-38.222800459674005,-12.165474876127435,-36.068248069261685,-10.010815201390209,Sp0944+6537
-0.5,None,39.65702056070613,-15.831958727983588,34.199981549548255,-12.179085304002621,39.65702056070613,Sp0944-3124
-0.5,None,29.26276842223641,-37.13060951932682,23.60829561253114,-32.14436848526087,29.26276842223641,Sp0947+0224
-0.5,None,8.79127819876607,-46.060320721899174,4.721549922504966,-41.52343657879402,8.79127819876607,Sp0947+3710
-0.5,None,30.515038832338305,-35.650635890957346,24.788179833974667,-30.737433643073526,30.515038832338305,Sp0947-0020
-0.5,None,26.639960275440277,-40.136853458744525,21.174799618757536,-35.03445774236034,26.639960275440277,Sp0949+0806
-0.5,None,37.10248446650099,6.078348254855733,34.330498647389646,7.911553543252887,37.10248446650099,Sp0951-6317
-0.5,None,35.82735511934021,-31.278529131910325,29.95502801060014,-26.72657445792782,35.82735511934021,Sp0952-0955
-0.5,None,39.98067362226347,-26.221312551848243,34.12932925097881,-22.103671628020315,39.98067362226347,Sp0956-1910
-0.5,None,42.528679039159286,-12.798647879662534,37.45039599172462,-9.605507871863427,42.528679039159286,Sp0956-3811
-0.5,None,42.45376701200695,-9.676803648850127,37.697820003550845,-6.717965483251247,42.45376701200695,Sp0956-4234
-0.5,None,17.218287830637813,-47.43586936105832,12.638328472687123,-42.408224633874276,17.218287830637813,Sp0957+2627
-0.5,None,40.927397923864504,-1.6267961685248225,37.18845603490502,0.7061396333373724,40.927397923864504,Sp0958-5344
-0.5,None,21.771998966812436,-46.74869188024162,16.891099353285252,-41.59505816812382,21.771998966812436,Sp0959+2002
-0.5,None,37.57407373921841,-32.87540200101961,31.70988172983131,-28.377239279041067,37.57407373921841,Sp1000-0949
-0.5,None,18.496705220056047,-48.58332873663759,13.941108314076265,-43.53518314445357,18.496705220056047,Sp1002+2556
-0.5,None,-7.366866129534627,-40.7811669796877,-9.542399419946623,-38.54266359172967,-7.366866129534627,Sp1002+6349
-0.5,None,34.37512526786562,-38.62579043916593,28.683349383578847,-33.81336909744148,34.37512526786562,Sp1003-0105
-0.5,None,39.90263848408297,-31.512120323528475,34.0183135812702,-27.20020221347099,39.90263848408297,Sp1004-1318
-0.5,None,44.17251049690935,-17.350748983714833,38.80250876184137,-14.010912958274039,44.17251049690935,Sp1004-3335
-0.5,None,39.57597338300915,-32.44533525625176,33.69790772988826,-28.082554778139148,39.57597338300915,Sp1005-1202
-0.5,None,41.52473543275298,-29.474389912417323,35.64450047602821,-25.34240415066495,41.52473543275298,Sp1006-1653
-0.5,None,14.564828934923812,-50.52855222098317,10.486904280723154,-45.776650237463485,14.564828934923812,Sp1009+3324
-0.5,None,23.726712571378112,-49.4776706825337,18.964780536519207,-44.31979350230148,23.726712571378112,Sp1011+2019
-0.5,None,8.32500188867902,-49.839831932501276,4.819964399476361,-45.72030997004916,8.32500188867902,Sp1011+4245
-0.5,None,45.5663501468727,-20.455340394763635,40.04437547452238,-17.057445602174298,45.5663501468727,Sp1012-3049
-0.5,None,13.870661744074148,-51.34738663397305,9.950168100705808,-46.70625936893619,13.870661744074148,Sp1013+3520
-0.5,None,31.449967229567655,16.344783855759072,30.38476307511269,17.102616746117462,31.449967229567655,Sp1013-7842
-0.5,None,19.534495639405996,-51.90812294361753,15.223436131249857,-46.906040114635026,19.534495639405996,Sp1016+2751
-0.5,None,32.843866238603944,-45.98285391286746,27.521639046418017,-40.971619669794855,32.843866238603944,Sp1017+0719
-0.5,None,46.899142256692706,-22.683789769128307,41.29330779998465,-19.28091303423342,46.899142256692706,Sp1018-2909
-0.5,None,-13.631531162438119,-35.86095188615854,-14.919786417426321,-34.65559425450324,-13.631531162438119,Sp1019+7419
-0.5,None,46.75320593111557,-24.278978878625963,41.06538729026864,-20.779365811936938,46.75320593111557,Sp1019-2707
-0.5,None,3.6578429563871238,-49.00746564842437,0.7687822705601394,-45.653820203476116,3.6578429563871238,Sp1021+5055
-0.5,None,46.00816779145634,-29.31609240596885,40.15569978717014,-25.525061049707414,46.00816779145634,Sp1021-2044
-0.5,None,36.79008945804709,-44.247307582772436,31.28598365050728,-39.42977134587677,36.79008945804709,Sp1022+0200
-0.5,None,10.863190931100759,-52.20691472624406,7.386803380484926,-47.99648166208342,10.863190931100759,Sp1022+4114
-0.5,None,-1.7757213974273476,-45.680164478055275,-4.166080627631505,-43.05465966187933,-1.7757213974273476,Sp1022+5825
-0.5,None,35.68762983924548,-46.66272228671769,30.33271585335728,-41.74922468809693,35.68762983924548,Sp1025+0512
-0.5,None,29.434563079757094,-52.366091874518204,24.64870913059883,-47.20749419895907,29.434563079757094,Sp1029+1626
-0.5,None,23.104928291056805,-54.607665169485465,18.824388586211427,-49.52905473466846,23.104928291056805,Sp1029+2546
-0.5,None,45.565188325756544,-4.723845758532164,41.954795776303826,-2.686512411987003,45.565188325756544,Sp1031-5338
-0.5,None,37.18419910138685,-48.01391552403656,31.871031422194267,-43.142708164858746,37.18419910138685,Sp1032+0501
-0.5,None,12.773154043646482,-54.32327581207014,9.370781656033548,-50.081676959061454,12.773154043646482,Sp1032+4027
-0.5,None,49.02709998949492,-14.173511224328147,44.28618800659024,-11.57336784970303,49.02709998949492,Sp1032-4208
-0.5,None,45.99634922126093,-5.408661393524883,42.31658385417426,-3.346766100082877,45.99634922126093,Sp1032-5255
-0.5,None,32.37378630418833,-52.00479445355475,27.453958408014557,-46.900283928314785,32.37378630418833,Sp1033+1303
-0.5,None,24.455207730793045,-55.7903831189503,20.205634023233763,-50.690610537664625,24.455207730793045,Sp1035+2507
-0.5,None,49.19556019250986,-31.297863046622947,43.33488140959073,-27.68452607727747,49.19556019250986,Sp1035-2058
-0.5,None,48.035527780036986,-9.487946110753926,43.88932375190272,-7.226461323719817,48.035527780036986,Sp1035-4816
-0.5,None,28.62327451805555,-54.79400366820067,24.06707403570456,-49.62487225960094,28.62327451805555,Sp1036+1923
-0.5,None,50.838955780019184,-20.743298256883232,45.524080829456835,-17.83341077865594,50.838955780019184,Sp1036-3441
-0.5,None,49.29442936850391,-12.631645680537185,44.79390697571097,-10.206344452038444,49.29442936850391,Sp1036-4437
-0.5,None,21.087622350041134,-56.58037258221286,17.148088691623165,-51.66046171270132,21.087622350041134,Sp1037+3011
-0.5,None,32.1221022906675,-54.28812538348551,27.38257675115027,-49.15589721201522,32.1221022906675,Sp1039+1512
-0.5,None,42.28300939875199,-45.799574475299266,36.75266624965852,-41.252607055221,42.28300939875199,Sp1039-0121
-0.5,None,43.94457123498498,-45.02192313613954,38.35217675273515,-40.599829639318514,43.94457123498498,Sp1042-0323
-0.5,None,51.517519327978924,-29.82957614904983,45.71346320382143,-26.47881881885649,51.517519327978924,Sp1042-2416
-0.5,None,46.91700407791067,-41.20402350104852,41.144780407059564,-37.085662655169564,46.91700407791067,Sp1043-0912
-0.5,None,43.55659218660691,0.655182082695355,40.84573810185801,2.199584059189308,43.55659218660691,Sp1044-6112
-0.5,None,43.77347002082892,-46.62782860700953,38.25972665969805,-42.158985536080664,43.77347002082892,Sp1045-0149
-0.5,None,52.36319378358754,-28.712480680225923,46.61095008997854,-25.490376297359525,52.36319378358754,Sp1045-2607
-0.5,None,11.106466496758397,-55.332126761656035,8.113891261439695,-51.53458543795043,11.106466496758397,Sp1046+4441
-0.5,None,50.44082025411081,-36.841633199627175,44.56121030921048,-33.127616964682886,50.44082025411081,Sp1046-1602
-0.5,None,46.040671076093005,-3.118972240591408,42.89015017806765,-1.394325526298983,46.040671076093005,Sp1046-5658
-0.5,None,-13.871019775207799,-35.749042127312634,-14.889660638622207,-34.82434121197131,-13.871019775207799,Sp1047+7613
-0.5,None,51.25842223697926,-35.21890329697064,45.3721813427297,-31.62839893953162,51.25842223697926,Sp1047-1815
-0.5,None,42.74569809945422,-49.18281976810153,37.38693823435981,-44.59506022428947,42.74569809945422,Sp1048+0111
-0.5,None,48.974252245493695,-40.55604822517489,43.16544712901038,-36.61252685617606,48.974252245493695,Sp1048-1120
-0.5,None,51.7580829893582,-34.43670561600578,45.875228485198875,-30.917083914406675,51.7580829893582,Sp1048-1925
-0.5,None,52.420079059610586,-17.70295276960281,47.52545981485414,-15.192099329288082,52.420079059610586,Sp1048-3956
-0.5,None,48.16921802995726,-6.714569710506848,44.58663269337534,-4.814386527777041,48.16921802995726,Sp1048-5254
-0.5,None,48.08941964131269,-6.422865805054559,44.557474148378255,-4.550392155861906,48.08941964131269,Sp1049-5319
-0.5,None,8.008053209451507,-53.97942398425703,5.324454071056979,-50.653452693186644,8.008053209451507,Sp1050+4907
-0.5,None,51.442611315135686,-13.408131375931596,47.065968422245575,-11.178035786505546,51.442611315135686,Sp1050-4517
-0.5,None,2.3628879033816954,-50.100232252639564,0.1046012125483714,-47.488747748386636,2.3628879033816954,Sp1051+5613
-0.5,None,50.3845805808493,-10.575308916943355,46.36936806720986,-8.51489044339258,50.3845805808493,Sp1051-4841
-0.5,None,54.42894493467199,-22.726362885307285,49.12905557315655,-20.053601792939215,54.42894493467199,Sp1054-3445
-0.5,None,48.18718395663621,-5.770941320304123,44.82658387240965,-4.008597775083268,48.18718395663621,Sp1054-5431
-0.5,None,39.77381383670716,-54.62156333232316,34.832994020989794,-49.763676668232264,39.77381383670716,Sp1055+0808
-0.5,None,36.39914745327318,11.033105004077383,35.05004488980836,11.88103836223633,36.39914745327318,Sp1055-7356
-0.5,None,40.64988112888164,-54.156273109985726,35.655665240980596,-49.35355353101387,40.64988112888164,Sp1056+0700
-0.5,None,53.04831675865375,-38.82630430836971,47.18014309969343,-35.26900273008579,53.04831675865375,Sp1058-1548
-0.5,None,54.819034560939755,-34.640457695339,48.94467359758746,-31.38258687061484,54.819034560939755,Sp1059-2113
-0.5,None,8.23729235475664,-54.858995597419025,5.715379394445392,-51.70550389505935,8.23729235475664,Sp1100+4957
-0.5,None,-4.239166301054603,-44.90013485417193,-5.872518354745302,-43.19872041198726,-4.239166301054603,Sp1101+6508
-0.5,None,32.703493289786074,-61.277692257242386,28.540179376872423,-56.111712368706584,32.703493289786074,Sp1104+1959
-0.5,None,43.650804677878305,2.082430849619232,41.41912554146395,3.3143897159922577,43.650804677878305,Sp1104-6412
-0.5,None,14.073281714397845,-58.942111610055576,11.259248616836715,-55.16822669459387,14.073281714397845,Sp1105+4331
-0.5,None,44.16164773450418,-54.66325759069611,39.1368973499477,-50.07236202876409,44.16164773450418,Sp1106+0428
-0.5,None,6.257696567509442,-53.82116460642047,3.9790758915546673,-51.042662861667324,6.257696567509442,Sp1106+5259
-0.5,None,36.58977720150389,-60.91410277180837,32.24637877758605,-55.829439309230274,36.58977720150389,Sp1108+1545
-0.5,None,55.84114528543425,-41.39489641633213,50.00485932720095,-38.01295191562252,55.84114528543425,Sp1112-1502
-0.5,None,13.443626554963984,-59.39485456926265,10.840558975405404,-55.88754629425171,13.443626554963984,Sp1114+4516
-0.5,None,27.135894916490013,-64.82964767448111,23.66314243394464,-59.85422828161025,27.135894916490013,Sp1115+2902
-0.5,None,58.94093280801017,-33.86560250222464,53.112101472162614,-31.026045989075932,58.94093280801017,Sp1115-2429
-0.5,None,42.154408432809085,4.570811727992718,40.34481383258368,5.575732411400515,42.154408432809085,Sp1115-6731
-0.5,None,43.91187761698141,-59.66151473757255,39.28846699783292,-54.98369486449496,43.91187761698141,Sp1119+0820
-0.5,None,12.721864077931187,-59.3711149666226,10.269311344711475,-56.0818153823042,12.721864077931187,Sp1119+4641
-0.5,None,57.22117091900746,-44.20066667946956,51.45949803540385,-40.88347976462025,57.22117091900746,Sp1121-1313
-0.5,None,47.592014739979234,-57.19605512007574,42.717329076853254,-52.835156182384964,47.592014739979234,Sp1122+0343
-0.5,None,20.5398831510677,-64.29162340835019,17.67154696611775,-60.07129991091152,20.5398831510677,Sp1122+3755
-0.5,None,57.901667777306685,-43.21134511111355,52.10216617500879,-39.979032855971326,57.901667777306685,Sp1122-1431
-0.5,None,58.98312751243244,-21.506349026969247,54.16253831116546,-19.44647982085448,58.98312751243244,Sp1122-3916
-0.5,None,44.062045710730956,2.4918837745972877,42.12494000127487,3.521412384506894,44.062045710730956,Sp1122-6533
-0.5,None,53.47193595778778,-50.91714531722063,48.08586490958976,-47.147600518513585,53.47193595778778,Sp1123-0509
-0.5,None,20.50443776836126,-64.45601051271372,17.66822066298537,-60.268032787148556,20.50443776836126,Sp1124+3808
-0.5,None,58.275619730094846,-18.99252687659249,53.786887198471966,-17.083025968902724,58.275619730094846,Sp1124-4213
-0.5,None,61.64818696852434,-32.785359458419244,55.89965261717553,-30.264427765913343,61.64818696852434,Sp1126-2706
-0.5,None,-1.6355674741077708,-47.69159792341692,-3.1158627873429614,-46.13232719915623,-1.6355674741077708,Sp1127+6346
-0.5,None,50.069785617300894,-56.84900049173771,45.148752320116564,-52.71226488522447,50.069785617300894,Sp1128+0141
-0.5,None,60.137449524042275,-41.58490563999985,54.28414198802774,-38.60534076946957,60.137449524042275,Sp1128-1715
-0.5,None,11.760119309534119,-59.390044766346094,9.560561281850166,-56.474044873038274,11.760119309534119,Sp1130+4848
-0.5,None,50.08367350044443,-4.821389236891849,47.45793924586986,-3.5785088369782283,50.08367350044443,Sp1130-5759
-0.5,None,45.26008730004255,1.4135350379944325,43.333974339440324,2.3989299448048285,45.26008730004255,Sp1131-6446
-0.5,None,44.3911920960828,-63.72794391174102,40.131055703474786,-59.044165597200234,44.3911920960828,Sp1133+1039
-0.5,None,52.20573974295434,-57.02254418083148,47.29446222224208,-53.094895665096296,52.20573974295434,Sp1134+0022
-0.5,None,53.98668630996174,-54.80066834569812,48.88626224801679,-51.05822624096723,53.98668630996174,Sp1134-0224
-0.5,None,57.77647893860574,-50.63568730099528,52.35502949471944,-47.29707002968903,57.77647893860574,Sp1136-0755
-0.5,None,61.407809448587734,-45.16362879254543,55.66169636271394,-42.245493845604,61.407809448587734,Sp1138-1432
-0.5,None,64.33749967324127,-32.50808184807588,58.66647199666701,-30.281474118486045,64.33749967324127,Sp1138-2842
-0.5,None,55.470477757782824,-54.97519792303326,50.387178220058225,-51.39020898788188,55.470477757782824,Sp1139-0310
-0.5,None,64.60234511371343,-38.40137135468376,58.72121179648032,-35.95741206524727,64.60234511371343,Sp1141-2232
-0.5,None,50.99087190696993,-61.38222710505123,46.487732851605394,-57.338138540569936,50.99087190696993,Sp1143+0413
-0.5,None,1.962061457792527,-51.311731148922846,0.5039913534750275,-49.7217276771225,1.962061457792527,Sp1144+6043
-0.5,None,61.11987721797185,-19.595965092153545,56.91832152221462,-18.012767521609643,61.11987721797185,Sp1144-4302
-0.5,None,65.01569763982019,-40.7626040139679,59.13505028948201,-38.29651183970252,65.01569763982019,Sp1145-2021
-0.5,None,25.811206655150343,-69.98504177267249,23.15897015097548,-65.58054323743274,25.811206655150343,Sp1146+3431
-0.5,None,54.30978370108352,-9.006312386908965,51.519950880377635,-7.836913767386858,54.30978370108352,Sp1147-5424
-0.5,None,66.58294555588452,-36.10869107899957,60.76848737111054,-33.953419155115554,66.58294555588452,Sp1148-2544
-0.5,None,63.40925654717223,-22.607103481621856,58.91403895173192,-21.012528362658802,63.40925654717223,Sp1149-4012
-0.5,None,66.90673871350381,-33.36892308157062,61.249204141005556,-31.374483097828033,66.90673871350381,Sp1150-2850
-0.5,None,66.38560818479219,-30.68118433316949,60.94383000059594,-28.784346968130514,66.38560818479219,Sp1150-3139
-0.5,None,35.25256364595167,-73.18116911559041,32.21259928735107,-68.02514786607468,35.25256364595167,Sp1152+2438
-0.5,None,-10.072581448049572,-39.56254271949463,-10.848900086450467,-38.89459430335087,-10.072581448049572,Sp1152+7412
-0.5,None,50.39472283749839,-65.11300402215052,46.28365065963705,-61.04072503500891,50.39472283749839,Sp1153+0659
-0.5,None,54.726796802591345,-61.01466103385146,50.234267333108214,-57.415568068735396,54.726796802591345,Sp1154+0135
-0.5,None,51.49670921261445,-64.69463314971975,47.3572902450812,-60.7555529092168,51.49670921261445,Sp1155+0559
-0.5,None,67.76147893899399,-39.77541287368717,61.875751789138555,-37.62352835796156,67.76147893899399,Sp1155-2224
-0.5,None,65.66672896957813,-25.577350034030705,60.88699411622039,-23.98926534881744,65.66672896957813,Sp1155-3727
-0.5,None,59.477972779455264,-14.897467079592158,56.18804510415432,-13.693254624336554,59.477972779455264,Sp1157-4844
-0.5,None,45.25776647160846,-70.59730667535521,41.71214866010251,-65.97332786788125,45.25776647160846,Sp1158+1354
-0.5,None,21.9929538600512,-69.16717078066114,19.816260506463113,-65.64886143603923,21.9929538600512,Sp1158+3953
-0.5,None,67.66372776116536,-43.22669653792245,61.82595906944343,-40.999375994450006,67.66372776116536,Sp1158-1900
-0.5,None,68.64029691052197,-36.82509977036936,62.82209712744505,-34.861813167836665,68.64029691052197,Sp1158-2545
-0.5,None,56.03618543489013,-61.1989404518919,51.59715673589669,-57.78126931189282,56.03618543489013,Sp1159+0057
-0.5,None,39.1760822938154,-74.19412979728881,36.095133900041695,-69.07198070694994,39.1760822938154,Sp1159+2105
-0.5,None,56.71514370765959,-11.078764854296233,53.93296713716669,-10.012016243806077,56.71514370765959,Sp1159-5247
-0.5,None,39.476305818643915,-74.24084459753745,36.39271699662124,-69.1309223156065,39.476305818643915,Sp1200+2048
-0.5,None,28.69818438002111,-73.53428381330012,26.244778568232388,-69.0616786737,28.69818438002111,Sp1201+3248
-0.5,None,21.386452087733204,-68.9738613898438,19.301980020505,-65.64151902427953,21.386452087733204,Sp1201+4046
-0.5,None,65.28673615262656,-49.75097926644548,59.83023554007015,-47.25687393726546,65.28673615262656,Sp1201-1213
-0.5,None,69.42770377913655,-35.320520139268666,63.70082191397775,-33.50641028046857,69.42770377913655,Sp1201-2737
-0.5,None,69.26776951927698,-33.510163619334,63.67624263186041,-31.769725255426646,69.26776951927698,Sp1201-2932
-0.5,None,20.26783287256963,-68.19997691971493,18.26154942868394,-65.0732073018424,20.26783287256963,Sp1202+4204
-0.5,None,61.90854689272857,-55.05321957018284,56.91717106820403,-52.24464235786152,61.90854689272857,Sp1202-0629
-0.5,None,57.26007338413517,-61.18036344822374,52.858399586732034,-57.937448813209606,57.26007338413517,Sp1203+0015
-0.5,None,29.522630824777295,-74.4287679853184,27.108926835007836,-69.91328607622847,29.522630824777295,Sp1204+3212
-0.5,None,70.29280356732703,-35.261952578570025,64.59033881348896,-33.5463090973215,70.29280356732703,Sp1205-2758
-0.5,None,66.50783918563697,-24.11904532726888,62.1525535843554,-22.793933879022312,66.50783918563697,Sp1206-3937
-0.5,None,66.0657756664477,-23.457643203199606,61.79630271898243,-22.143907534464354,66.0657756664477,Sp1206-4017
-0.5,None,-10.782570724291764,-38.816330110784186,-11.416810825874581,-38.304364406626064,-10.782570724291764,Sp1207+7521
-0.5,None,-11.660146104432958,-37.92653339505162,-12.256914693856247,-37.45200701691672,-11.660146104432958,Sp1207+7617
-0.5,None,66.66562034898698,-24.227770049320945,62.310613852659614,-22.913114430634366,66.66562034898698,Sp1207-3932
-0.5,None,53.65682312991438,-66.49529811023739,49.80867589054975,-62.93704261852617,53.65682312991438,Sp1209+0542
-0.5,None,49.23283012975712,-70.82523425654546,45.785874865228365,-66.74031165192179,49.23283012975712,Sp1210+1100
-0.5,None,55.2840133321661,-65.44008593975066,51.367662778968416,-62.09712449358484,55.2840133321661,Sp1211+0406
-0.5,None,67.81648435534136,-49.860913293027224,62.40842729788062,-47.68322659411751,67.81648435534136,Sp1211-1304
-0.5,None,23.84454953131034,-71.81771150614314,21.90121565552081,-68.51245070274517,23.84454953131034,Sp1213+3900
-0.5,None,62.39277935933382,-57.92166783704043,57.77971771903606,-55.30034731802439,62.39277935933382,Sp1213-0432
-0.5,None,58.59336517028852,-63.11559080880542,54.52708273633693,-60.19653282575733,58.59336517028852,Sp1215+0050
-0.5,None,6.771690320757656,-56.33092175309267,5.548888038689682,-54.99939716624716,6.771690320757656,Sp1216+5709
-0.5,None,59.03033921607472,-63.06006471537799,54.98486729499114,-60.215743041675985,59.03033921607472,Sp1217+0035
-0.5,None,64.3432181679102,-57.27012314910377,59.74546581678985,-54.91960499941268,64.3432181679102,Sp1218-0550
-0.5,None,29.72991534461869,-76.73706772300083,27.68804172403704,-72.6371759317488,29.72991534461869,Sp1220+3315
-0.5,None,57.5828175398958,-65.62058435322531,53.84530432521007,-62.721578825981425,57.5828175398958,Sp1221+0257
-0.5,None,52.286776997249476,-70.81097729794415,48.9874015345131,-67.29114183911615,52.286776997249476,Sp1221+0857
-0.5,None,64.39610819768122,-18.69769675549856,61.204080717453834,-17.77838267112895,64.39610819768122,Sp1221-4548
-0.5,None,67.46596992387614,-54.68379971904819,62.66426173178768,-52.66425802204046,67.46596992387614,Sp1223-0858
-0.5,None,74.28134272439212,-36.2837894064181,68.60335959458426,-34.97085494558759,74.28134272439212,Sp1223-2757
-0.5,None,70.12055948248769,-51.231697565575,64.94957427513285,-49.41465359327248,70.12055948248769,Sp1224-1238
-0.5,None,71.15672911965922,-49.93436886731804,65.85506628914364,-48.20431142309599,71.15672911965922,Sp1225-1402
-0.5,None,75.43977875336121,-40.10733694816368,69.56265395199681,-38.796418490556476,75.43977875336121,Sp1228-2415
-0.5,None,54.198312194398596,-70.94879192661259,51.08294299230001,-67.89665852813795,54.198312194398596,Sp1229+0752
-0.5,None,37.95661131859956,-82.17859594214377,35.87234794863574,-77.0420363539688,37.95661131859956,Sp1232+2528
-0.5,None,69.53915898525429,-54.37777030498279,64.84978863746568,-52.67829840167774,69.53915898525429,Sp1232-0951
-0.5,None,44.65888359820399,3.900775376805247,43.740998266118,4.267101929213797,44.65888359820399,Sp1232-6856
-0.5,None,61.72491964396264,-14.538425205578745,59.36098451073939,-13.876165381280357,61.72491964396264,Sp1233-5020
-0.5,None,49.705848181939025,-76.35272372581007,47.105275821919136,-72.83247454661291,49.705848181939025,Sp1235+1318
-0.5,None,42.41992752214803,-82.24534694625302,40.26715221783553,-77.37514982000269,42.41992752214803,Sp1237+2107
-0.5,None,58.59147975455908,-68.42814683683252,55.541070765053306,-66.20245902336706,58.59147975455908,Sp1239+0410
-0.5,None,9.429830581165875,-59.07208955518094,8.461672098102571,-58.11749519153732,9.429830581165875,Sp1239+5515
-0.5,None,77.86948356690384,-37.863871602509676,72.137516557607,-36.89684445839305,77.86948356690384,Sp1239-2658
-0.5,None,40.891345757489425,7.940182889499643,40.26077015078687,8.19007767649875,40.891345757489425,Sp1239-7304
-0.5,None,76.67179923100713,-33.053273913334465,71.6712339127708,-32.236168046451205,76.67179923100713,Sp1241-3152
-0.5,None,56.0660067770172,-7.761049544254534,54.6268782483891,-7.3628772940764415,56.0660067770172,Sp1245-5721
-0.5,None,56.44026347969069,-71.6797434516309,53.827208646128994,-69.532027348127,56.44026347969069,Sp1246+0706
-0.5,None,32.64826596424645,-81.69140786260238,31.155997159062537,-78.25087502161794,32.64826596424645,Sp1246+3148
-0.5,None,24.176404690872175,-73.74329943397349,22.93633826650413,-71.91947888961857,24.176404690872175,Sp1246+4027
-0.5,None,77.61901006215501,-33.38121230514877,72.66333788366336,-32.66218999437648,77.61901006215501,Sp1246-3139
-0.5,None,25.670391790238977,-75.21764111479006,24.406787543678103,-73.24819910044693,25.670391790238977,Sp1247+3857
-0.5,None,12.007343558784305,-61.634015504844385,11.130533363265808,-60.82625831109926,12.007343558784305,Sp1249+5255
-0.5,None,80.15601740639565,-38.777653413194905,74.38310155504121,-38.04370910964696,80.15601740639565,Sp1249-2617
-0.5,None,65.12607891125525,-63.12106705033445,61.97097098788789,-61.7608031259091,65.12607891125525,Sp1250-0149
-0.5,None,79.94357219148665,-43.73259309202912,74.18095394990058,-42.95002112224938,79.94357219148665,Sp1250-2121
-0.5,None,18.55054874277381,-68.19194534523886,17.552734862178173,-67.10322273378276,18.55054874277381,Sp1251+4620
-0.5,None,73.31824736373984,-26.37616710479963,69.938388980851,-25.859514603622138,73.31824736373984,Sp1251-3846
-0.5,None,60.952789697057014,-67.84454432188221,58.28679527826632,-66.35777492223842,60.952789697057014,Sp1252+0252
-0.5,None,78.54471816615079,-33.31744377288937,73.76172000484132,-32.73225992302872,78.54471816615079,Sp1252-3149
-0.5,None,24.289248477328098,-73.92552332114525,23.182523461773943,-72.44534455180766,24.289248477328098,Sp1253+4034
-0.5,None,56.5861849161331,-8.038162167090587,55.306781881333116,-7.73395797707823,56.5861849161331,Sp1253-5709
-0.5,None,65.16389797340196,-63.71167003551658,62.25995922189588,-62.55598151513473,65.16389797340196,Sp1254-0122
-0.5,None,54.42702407594086,-5.739967253725094,53.333498798546124,-5.48003782002582,54.42702407594086,Sp1255-5928
-0.5,None,75.61156325228028,-52.20201716442055,71.3087697658689,-51.42004190513466,75.61156325228028,Sp1256-1257
-0.5,None,74.22168763317227,-26.830464489900443,70.99324165888537,-26.414990036259212,74.22168763317227,Sp1256-3822
-0.5,None,69.71523120434466,-21.61675994721458,67.3868683648067,-21.286260037667418,69.71523120434466,Sp1259-4336
-0.5,None,45.608447812493466,-84.2846379445746,44.08660855787842,-81.3196553937851,45.608447812493466,Sp1300+1912
-0.5,None,34.30436590560101,-83.91547617574402,33.10613174721968,-81.20770812072908,34.30436590560101,Sp1300+3038
-0.5,None,78.2433805274328,-50.058350663293105,73.81099164743395,-49.51435184578906,78.2433805274328,Sp1301-1510
-0.5,None,-18.160865595138155,-31.139108502368366,-18.2896159598555,-31.094634588205704,-18.160865595138155,Sp1304+8336
-0.5,None,45.431628950659416,-84.82744236674887,44.07983183035037,-82.42496528471031,45.431628950659416,Sp1305+1934
-0.5,None,44.252323555854225,-86.0217234766508,42.93921133011249,-83.21521049388241,44.252323555854225,Sp1305+2046
-0.5,None,26.852764417804607,-76.40412201991704,25.97334058681635,-75.53240614952828,26.852764417804607,Sp1306+3820
-0.5,None,56.75567676558577,-7.796916087440946,55.83098414061796,-7.6732375465367655,56.75567676558577,Sp1307-5726
-0.5,None,57.5335839147311,-72.67783143884408,55.825004338351604,-71.96285838513505,57.5335839147311,Sp1308+0725
-0.5,None,12.66516954864578,-62.088173213895615,12.079824287810597,-61.81218463775781,12.66516954864578,Sp1308+5239
-0.5,None,84.65301274221625,-41.73434658336178,78.7947953380653,-41.494592624830226,84.65301274221625,Sp1309-2330
-0.5,None,59.56564504007854,-10.596246675331825,58.55184461879115,-10.489966955388732,59.56564504007854,Sp1309-5438
-0.5,None,28.806874974433033,-78.20946366214946,28.014717160932506,-77.64337838193427,28.806874974433033,Sp1311+3629
-0.5,None,21.85691372270391,-71.25101144027235,21.17967141343742,-70.91895078970576,21.85691372270391,Sp1311+4328
-0.5,None,47.69223096163581,-82.65623301327058,46.503666701781974,-81.7317629242821,47.69223096163581,Sp1312+1731
-0.5,None,56.476816662673656,-7.402681054475778,55.682133051706764,-7.337941358027969,56.476816662673656,Sp1312-5750
-0.5,None,-0.9501296371318364,-48.351839741574636,-1.2736170602627574,-48.29612926658886,-0.9501296371318364,Sp1314+6622
-0.5,None,81.29912813515479,-33.007487768043674,77.60323698042386,-32.917128326602416,81.29912813515479,Sp1314-3212
-0.5,None,32.81270075725599,-81.9921086032179,32.03947860961904,-81.60563306324423,32.81270075725599,Sp1315+3232
-0.5,None,85.54501752018344,-38.37411603794987,80.0977849751978,-38.309713572784,85.54501752018344,Sp1315-2649
-0.5,None,46.51226961527271,-83.60395481741052,45.52445658095397,-83.41970423780135,46.51226961527271,Sp1317+1849
-0.5,None,16.855374583339717,-66.09309768041929,16.357366525368455,-66.06408079123088,16.855374583339717,Sp1317+4833
-0.5,None,-7.909467460976628,-41.349495630785704,-8.116253091598763,-41.34570506199599,-7.909467460976628,Sp1318+7322
-0.5,None,44.50449281542747,-85.09245672316828,43.653485025019,-85.55406608922532,44.50449281542747,Sp1319+2053
-0.5,None,61.20357832471594,-69.13130035194929,59.919574550515065,-69.29712345017313,61.20357832471594,Sp1320+0409
-0.5,None,55.41200160038617,-74.85117527472524,54.32606711973123,-75.06979262566406,55.41200160038617,Sp1320+0957
-0.5,None,22.79813811709175,-71.88704760802537,22.28575849807075,-72.00749334527696,22.79813811709175,Sp1320+4238
-0.5,None,75.00450189846508,-25.894468228955233,73.19288505481013,-25.93777978669917,75.00450189846508,Sp1320-3916
-0.5,None,72.70818194906863,-57.64139359572437,70.77002938449043,-57.78375501779485,72.70818194906863,Sp1321-0724
-0.5,None,26.403896973986715,-75.33179415966758,25.887823651218227,-75.616440372271,26.403896973986715,Sp1322+3902
-0.5,None,35.211221817384136,-83.3288619168623,34.62568918170518,-84.35638528016074,35.211221817384136,Sp1323+3014
-0.5,None,60.15824072149426,-70.0416862075347,59.135123833076776,-70.51133668594474,60.15824072149426,Sp1325+0517
-0.5,None,86.71614167388606,-37.542697780031475,82.23497495141639,-37.75268451319697,86.71614167388606,Sp1326-2729
-0.5,None,78.18624452151437,-28.831041606074752,76.4027336057352,-29.003348444398306,78.18624452151437,Sp1326-3614
-0.5,None,63.640753601771834,-66.53901071406317,62.625110576124264,-67.07689988037538,63.640753601771834,Sp1327+0149
-0.5,None,78.63862691575302,-29.221813655522276,76.92815123584975,-29.42848212255726,78.63862691575302,Sp1327-3549
-0.5,None,72.70046595853701,-23.261174548369194,71.68771577672582,-23.463641438931823,72.70046595853701,Sp1329-4147
-0.5,None,45.51882126650825,-82.71358295676806,45.009047885499335,-85.2223834549136,45.51882126650825,Sp1330+1958
-0.5,None,30.043953067669324,-78.16173104912725,29.675823710596458,-79.29548291534242,30.043953067669324,Sp1330+3526
-0.5,None,70.37607157185758,-59.82704042325689,69.23895944887904,-60.36507192829161,70.37607157185758,Sp1330-0453
-0.5,None,31.35845643783644,-79.18320289303108,31.01051733227886,-80.59960882948907,31.35845643783644,Sp1331+3407
-0.5,None,66.77489117369652,-63.27315972221637,65.90601834646314,-63.96840601067714,66.77489117369652,Sp1331-0116
-0.5,None,49.28159867279567,0.10124924724738604,49.06332792244975,-0.030092383162216935,49.28159867279567,Sp1331-6513
-0.5,None,60.070064330932226,-69.68668565484887,59.43344579266626,-70.6627221266585,60.070064330932226,Sp1332+0525
-0.5,None,49.78781949531864,-79.1512368250994,49.28970850197482,-80.93743080373739,49.78781949531864,Sp1332+1542
-0.5,None,22.816626240478822,-71.28899134304567,22.554571767510215,-72.05502625170278,22.816626240478822,Sp1332+4240
-0.5,None,70.1817331078269,-59.912050481000044,69.22422505528353,-60.5595547702335,70.1817331078269,Sp1332-0441
-0.5,None,67.75897757532843,-62.20329793062395,66.98271386949166,-62.968790430383045,67.75897757532843,Sp1333-0216
-0.5,None,51.53864458742643,-2.113140150421593,51.341965523305014,-2.284080860852338,51.53864458742643,Sp1334-6257
-0.5,None,27.760104442669494,-75.55024703014442,27.555837352515358,-76.93125166249452,27.760104442669494,Sp1336+3743
-0.5,None,17.624810749183762,-66.13523201241934,17.46552934493725,-66.83778380433832,17.624810749183762,Sp1336+4751
-0.5,None,15.838262775485838,-64.39355522360205,15.697388248116603,-65.049737379582,15.838262775485838,Sp1337+4938
-0.5,None,23.800225870061503,-71.8436779860177,23.64988674292574,-72.96630160196071,23.800225870061503,Sp1338+4140
-0.5,None,83.96312378678367,-45.91147577411871,82.58333395057014,-46.54807000564898,83.96312378678367,Sp1338-1838
-0.5,None,83.2117323982282,-46.596030173631625,82.08600582862357,-47.267066441880196,83.2117323982282,Sp1339-1755
-0.5,None,57.33236975240985,-71.38556972400309,57.149358044565105,-73.09655943880699,57.33236975240985,Sp1341+0805
-0.5,None,10.285270645389348,-58.88944830378789,10.226858965064709,-59.47810920490484,10.285270645389348,Sp1341+5510
-0.5,None,56.950420172761696,-71.46373781193832,56.866707297674566,-73.34230304566405,56.950420172761696,Sp1343+0825
-0.5,None,84.07776230208844,-34.68166158790816,83.7750880390869,-35.29703404224476,84.07776230208844,Sp1343-2950
-0.5,None,12.315783432644837,-60.65485501986295,12.33141694795516,-61.44608107505979,12.344624821945477,Sp1346+5306
-0.5,None,81.30082622496633,-47.74378349802451,81.40838006990309,-48.64829714764861,81.55088328250753,Sp1346-1624
-0.5,None,82.02216106814848,-32.624027703182804,82.26081215181549,-33.279030143452275,82.39028674992056,Sp1346-3149
-0.5,None,61.31723530109638,-66.83342259438649,61.49585268770904,-68.64811326483641,61.531087215820406,Sp1348+0353
-0.5,None,68.24120751776314,-60.42916791015821,68.42290655315458,-61.82023126179183,68.47245692399851,Sp1348-0304
-0.5,None,71.73636884008272,-22.101806625925875,71.93103443820299,-22.648033550513915,71.97155443133104,Sp1348-4227
-0.5,None,59.952537680786044,-10.3367227127051,60.068453664674195,-10.750746397045603,60.086806252410064,Sp1348-5423
-0.5,None,38.461484417195535,-79.94982637788273,38.606606285646976,-84.84516258284684,38.62230581428772,Sp1350+2650
-0.5,None,63.6146216823094,-13.973669462078936,63.86228215941739,-14.473069997902265,63.87692974023544,Sp1351-5036
-0.5,None,56.30350251963226,-70.43710209365686,56.70335031526324,-72.98413359049657,56.71491742369352,Sp1354+0846
-0.5,None,14.582006986117012,-62.41138222293503,14.73258700698675,-63.54790383766011,14.736499641583231,Sp1354+5044
-0.5,None,21.546522300911118,-68.4653456868255,21.767249281438843,-70.23235028456641,21.76873236655415,Sp1356+4342
-0.5,None,81.62401654795994,-45.38240308041392,83.68765663593358,-46.55123055092597,83.70694071709399,Sp1356-1812
-0.5,None,56.448977210840454,-69.8154263711666,56.98431267750008,-72.48714913884127,56.98581172562744,Sp1357+0830
-0.5,None,78.5384302555251,-48.72435626210185,80.13477412250188,-50.031021701150465,80.13557106466736,Sp1357-1438
-0.5,None,83.45984322849527,-42.04158663159724,87.06756572226317,-43.168687294099975,87.04922900301199,Sp1357-2134
-0.5,None,72.91741042525122,-23.50639116270689,73.92132411344436,-24.28786744994128,73.90663364526722,Sp1359-4034
-0.5,None,57.519472493790815,-7.879003025556541,57.897354952229506,-8.396530634628396,57.89264290959088,Sp1359-5636
-0.5,None,17.54823280812173,-64.73814314077963,17.816325031614237,-66.27319327781963,17.812553055165836,Sp1400+4739
-0.5,None,22.962551552396583,-69.2013300293477,23.294502282749267,-71.33718919573377,23.2881897539725,Sp1401+4211
-0.5,None,76.07030997207391,-50.61202202613333,77.81478734259889,-52.12089466859143,77.78101047601885,Sp1401-1220
-0.5,None,70.63101450823235,-55.96442795995466,71.96541896105771,-57.760160999405,71.9354041741634,Sp1402-0630
-0.5,None,34.856614032642554,-76.35603127497969,35.33989003186334,-80.77004172397132,35.32792783891291,Sp1403+3007
-0.5,None,-18.412066010544645,-30.692111230679526,-18.35965960560914,-30.820443632395424,-18.360984070977477,Sp1405+8350
-0.5,None,33.394376795006764,-75.300853359442,33.93323412923096,-79.48604630799213,33.91626112156603,Sp1406+3131
-0.5,None,44.272682504881736,5.308145748662541,44.536144578287754,4.934123826170646,44.52734140357325,Sp1406-6957
-0.5,None,-47.26981558895768,33.156793708774735,-52.86756803420727,37.585602427322215,33.156793708774735,Sp1407-0800
-0.5,None,68.66591837774104,-19.267967521499063,69.81655008577526,-20.106970643187378,69.77484570057744,Sp1407-4436
-0.5,None,60.57077608825757,-10.968143586510914,61.31369603730205,-11.661862930274188,61.302561446729314,Sp1408-5307
-0.5,None,65.6433845321133,-59.29570456374857,67.2042205029,-61.63856360365075,67.22892390303232,Sp1409-0153
-0.5,None,77.61883614432146,-29.447724668051347,80.25479210995131,-30.54117926753092,80.24280526413376,Sp1409-3357
-0.5,None,21.027795255062,-66.83743179303089,21.523588012261623,-69.08592526125888,21.541338835728727,Sp1410+4354
-0.5,None,63.41576168276375,-13.888232340920993,64.36351822756328,-14.667153616025765,64.41089502269935,Sp1410-5001
-0.5,None,25.240821668823575,-69.88822197829367,25.802586556782884,-72.73836301415484,25.834606327598205,Sp1411+3936
-0.5,None,71.07699457277869,-22.00857444748331,72.73046765555816,-22.986615532644738,72.88986115513579,Sp1411-4132
-0.5,None,47.79465106452234,-72.6230601322853,48.78840984489703,-77.0676531226492,48.88301352335104,Sp1412+1633
-0.5,None,40.62789584660176,-75.0456641426832,41.46206263406636,-80.21389430892282,41.539524039356095,Sp1412+2354
-0.5,None,64.21337838640567,-60.120499988537276,65.8389200799149,-62.643765793293696,65.9914631810931,Sp1412-0035
-0.5,None,68.0461694356765,-56.08864620106738,70.08891514052091,-58.38654511153369,70.3888579150959,Sp1413-0457
-0.5,None,18.212523351908683,-64.20274589439155,18.762932136146194,-66.29126557646703,18.853156392475178,Sp1415+4636
-0.5,None,50.20729786319819,-70.29873422911531,51.42427681019856,-74.46918326605133,51.66198778796583,Sp1416+1348
48.87397093316511,None,75.07272264552296,-27.277852861441087,78.04740308127178,-28.51806958885385,78.87397093316511,Sp1418-3538
-0.5,None,32.74034295940679,-72.54334706409318,33.6308806366195,-76.98869301448482,33.85969970599569,Sp1419+3137
17.017649850135484,None,45.394073856114936,-71.55034770201816,46.652691594242846,-76.39807448984473,47.017649850135484,Sp1421+1827
51.78481672279149,None,75.9158585766034,-45.10447132132736,80.17891467869605,-47.05312442805244,81.78481672279149,Sp1421-1618
54.91101203354947,None,77.95061003582344,-32.773150564918964,82.7501698919609,-34.24617780246372,84.91101203354947,Sp1421-2935
27.009125743700466,None,54.79634242922853,-65.60884658623058,56.47634390755885,-69.33251939479739,57.009125743700466,Sp1422+0827
21.023351902603515,None,49.07877232779895,-69.19564791970701,50.54601166230729,-73.62780031866606,51.023351902603515,Sp1423+1426
-0.5,None,12.908292630618462,-59.31185670272263,13.514959875463873,-61.10517811352843,13.70016341027346,Sp1423+5146
43.581661156726994,None,69.60423309925253,-52.22987485756204,72.55465070413179,-54.63677866599756,73.581661156727,Sp1423-0806
49.23595503000858,None,74.46645789817354,-27.261583742669757,77.87755188828358,-28.625059661787102,79.23595503000858,Sp1424-3514
9.794653270422181,None,38.20149385077034,-72.17307721425419,39.384671948986174,-77.30280592873166,39.79465327042218,Sp1425+2540
-0.5,None,-9.253374250058343,-39.320029434681786,-8.981846654753895,-39.836454542675824,-8.893643434245936,Sp1425+7422
47.623742535637646,None,73.22505560577474,-25.679646560287612,76.36039566702829,-27.019200593466152,77.62374253563765,Sp1425-3650
-0.5,None,3.827298385233764,-51.2761558439276,4.341090004966112,-52.47712480108312,4.524700979277871,Sp1427+6056
21.495567778398758,None,49.22340985095277,-68.03431732195494,50.866950622839184,-72.4971726679554,51.49556777839876,Sp1428+1356
2.2657877648403115,None,30.77411807320976,-70.2451579446543,31.853199700935075,-74.58025715167742,32.26578776484031,Sp1428+3310
-0.5,None,5.300466508605895,-52.520886059868985,5.858286833624344,-53.84324409018558,6.066821841572712,Sp1428+5923
42.11378541623883,None,67.72023892528834,-52.74749861241337,70.80856294012078,-55.39342973500551,72.11378541623883,Sp1428-0644
-0.5,None,17.489643682363422,-62.441269118787545,18.29401518588499,-64.87737939296728,18.60596214171016,Sp1429+4650
21.800908499255314,None,50.633723620984846,-1.021838323535936,51.46577214653935,-1.753628500219613,51.800908499255314,Sp1429-6240
-0.5,None,4.9186233647490765,-52.10018349908735,5.49735229258013,-53.434567433025165,5.726719560198198,Sp1430+5943
52.866253099842524,None,75.42340283374295,-30.49764954216644,80.12852572959899,-32.11591976166413,82.86625309984252,Sp1430-3114
55.19099246626183,None,75.75254286313833,-40.28174318383149,81.31450773808231,-42.314441387096345,85.19099246626183,Sp1431-2029
10.864471739397139,None,38.79635509075809,-70.3969488089281,40.228014316033615,-75.55806593043295,40.86447173939714,Sp1433+2432
57.71507332350319,None,75.68679157556208,-37.13774357392594,81.56830185819457,-39.121132134828756,87.71507332350319,Sp1434-2335
57.73828851176144,None,75.632844118144,-37.16092376880221,81.51339721033489,-39.151013645932686,87.73828851176144,Sp1435-2333
6.4271628761868485,None,34.32886511641637,-69.65481052377105,35.70544842912223,-74.56457992628742,36.42716287618685,Sp1436+2900
27.136687434794908,None,55.1546286557539,-5.731206101746044,56.420124067858964,-6.679046941827211,57.13668743479491,Sp1436-5721
-0.5,None,0.41634613967604733,-47.87640848468352,0.9965174768893997,-49.03421594507883,1.318188006064394,Sp1438+6408
15.970049381637757,None,43.07036879091812,-67.93195588383682,44.86895742477426,-72.99383630604737,45.97004938163776,Sp1439+1929
32.19099283577427,None,57.279099969277716,-58.33778289918588,60.11220261136797,-62.1191600634232,62.19099283577427,Sp1443+0316
5.433767321489206,None,32.79192757247013,-67.77046602293103,34.341651593702956,-72.61454818468,35.433767321489206,Sp1444+3002
55.797775416516274,None,72.86198452148888,-39.06530949633028,78.55793455948755,-41.39978856002973,85.79777541651627,Sp1444-2019
-0.5,None,-0.44074018502501344,-46.8753293997394,0.20727276463484984,-48.086790265991866,0.6696532848122709,Sp1445+6447
35.055082094517445,None,59.35289003415837,-55.83000012946828,62.51865022463632,-59.44326316416379,65.05508209451745,Sp1446+0024
44.64026669692814,None,68.14228416122849,-21.328590941061712,71.60399099857167,-22.93985627672318,74.64026669692814,Sp1446-3952
-0.5,None,10.230264440834091,-55.572206814090244,11.17578009110341,-57.685881117328805,11.882650052564626,Sp1447+5335
52.51953948759892,None,71.89880072016014,-28.40220841617738,76.86652289888417,-30.315211958545767,82.51953948759892,Sp1447-3158
-3.8953475724824465,None,23.558404126454704,-63.69114026905647,24.962371896940834,-67.49811329175904,26.104652427517554,Sp1450+3920
-0.5,None,12.358219372906488,-56.94366981609549,13.410645854098124,-59.34074801067265,14.249149334021546,Sp1450+5112
46.88625161344234,None,68.73037117014496,-23.0377777169955,72.7482867061886,-24.811982885614647,76.88625161344234,Sp1451-3732
21.624673763001468,None,46.91688631669816,-62.64890833161731,49.41595623565236,-67.44900726187547,51.62467376300147,Sp1453+1346
21.061272281160754,None,46.40220401055822,-62.87659272664015,48.87447930183743,-67.7161562013985,51.061272281160754,Sp1453+1420
-2.1257924204312957,None,25.051250537625393,-63.902791037490815,26.570834214275806,-67.97285777909671,27.874207579568704,Sp1453+3733
18.411149401956976,None,46.45144546701504,3.10844484184363,47.49210064519865,2.2516226765496166,48.411149401956976,Sp1454-6604
9.080726841642608,None,35.38870496311226,-65.57361064939043,37.345145852165174,-70.6736348839338,39.08072684164261,Sp1455+2619
56.802004929297354,None,70.83080324047178,-32.24196926526656,76.61021874512231,-34.559415719236455,86.80200492929735,Sp1456-2631
55.77868331262094,None,70.96389990497842,-31.23863163485329,76.63348288443494,-33.4833938575245,85.77868331262094,Sp1456-2747
55.561358615014214,None,70.79246094667543,-30.849456015315237,76.42617950433811,-33.09006776563853,85.56135861501421,Sp1456-2809
-0.5,None,17.549156321851637,-59.66722032599689,18.896033551491193,-62.84367652228229,20.13286541582638,Sp1457+4517
-0.5,None,6.842354811192637,-52.31181602778582,7.851732512579006,-54.311934562008965,8.77526885429002,Sp1457+5639
6.745454390497592,None,32.941134745351036,-64.82570986848337,34.88599850955407,-69.80555980298342,36.74545439049759,Sp1458+2839
29.308580706249316,None,52.796946817961,-57.21504556356066,55.98103494962923,-61.526355148270085,59.308580706249316,Sp1459+0604
15.963993729163036,None,41.067144496578116,-63.17079779929816,43.480079978359626,-68.29574625326765,45.963993729163036,Sp1500+1927
-0.5,None,20.115386978757698,-60.68763739726282,21.61433182912849,-64.26307871608485,23.1108309610871,Sp1500+4219
36.051254322437046,None,58.02254747076942,-52.551956061729186,61.79698494699533,-56.39279129381503,66.05125432243705,Sp1500-0039
12.598813340459536,None,37.98831142158431,-63.82052593138154,40.25329401258115,-68.98947348948481,42.598813340459536,Sp1501+2250
44.41943937390661,None,65.62090577944375,-19.856999772011942,69.49819452120883,-21.711375256387644,74.41943937390661,Sp1501-4003
58.95067038643083,None,69.06159941316727,-33.6096023207095,74.9438612774719,-36.18500958441542,88.95067038643083,Sp1504-2355
-0.5,None,-6.452242207023453,-41.107612400806715,-5.773636379556211,-42.1539631233255,-5.029712150639427,Sp1506+7029
51.92652602076285,None,66.2905044267132,-39.32246216785844,71.85488769885126,-42.34077267620288,81.92652602076285,Sp1507-1627
55.4759060554472,None,67.57317212091205,-36.473385581828175,73.37889369025474,-39.300919290479776,85.4759060554472,Sp1507-2000
49.77079938643999,None,66.71793116820626,-23.816672592933728,71.57065288042688,-25.99623099959245,79.77079938643999,Sp1508-3445
54.9908099111597,None,66.9994169286716,-36.602806126988064,72.78855545009786,-39.49149841939021,84.9908099111597,Sp1509-1932
55.62572043463648,None,67.82394127579491,-28.7444889150492,73.43034231321616,-31.194282858170194,85.62572043463648,Sp1509-2853
56.1768352757845,None,67.67245227198501,-29.129575455934035,73.33332146398018,-31.621769859494385,86.1768352757845,Sp1510+2818
-0.8711637698976347,None,24.904195925370338,-61.11933927435363,26.811345865282636,-65.4789970029869,29.128836230102365,Sp1510+3619
38.14331954714599,None,57.84943360192978,-49.37638746420251,62.10220932820172,-53.260585744443624,68.14331954714599,Sp1510-0241
47.23987951414993,None,63.53944224096727,-42.634862216598734,68.69898493567557,-45.96209426850935,77.23987951414993,Sp1510-1147
56.17842578783956,None,67.67303083419877,-29.131122879637513,73.33402537543651,-31.623349632822475,86.17842578783956,Sp1510-2818
1.3873835571552071,None,26.766957415563112,-61.180464468006114,28.81098937384501,-65.77222186185438,31.387383557155207,Sp1512+3403
45.96888255752067,None,62.41593271748836,-43.24383011280983,67.49150649028147,-46.68386481920179,75.96888255752067,Sp1512-1032
57.74081326198494,None,66.68703375550699,-33.37377949622423,72.5730388046733,-36.186542323718896,87.74081326198494,Sp1513-2243
11.753483200576753,None,35.837831632946504,-60.964761871928836,38.39180587964536,-66.12253751421525,41.75348320057675,Sp1514+2341
57.75133742895814,None,66.52229854083477,-33.11493490245132,72.40863098240096,-35.934114078376616,87.75133742895814,Sp1514-2254
-0.5,None,13.189415762574939,-55.284203114837005,14.706890942191826,-58.314931895387915,16.649540207215892,Sp1515+4847
35.907803036785026,None,55.339441352903215,-49.84041108971182,59.540879634862584,-53.95495995575184,65.90780303678503,Sp1515-0030
25.69569669038264,None,47.36558612672972,-55.66892647982957,50.79807193991543,-60.429565999582984,55.69569669038264,Sp1516+0942
57.74320714784102,None,66.26477803707122,-32.64430241735047,72.1499588715662,-35.47029533055762,87.74320714784102,Sp1516-2315
32.99892413807759,None,56.370057595637434,-8.543949025514683,59.0625432777016,-10.170590759678241,62.99892413807759,Sp1517-5128
50.08949549888088,None,64.85607711906053,-23.229844701646645,69.9167484197666,-25.60414801379951,80.08949549888088,Sp1519-3407
10.241367514218496,None,38.28759803044737,11.34578937392094,39.10652016121148,10.623722037006987,40.241367514218496,Sp1519-7416
48.27715178010261,None,64.14972352256348,-21.573626714270237,68.97059772626528,-23.87872893060455,78.27715178010261,Sp1520-3559
-0.5,None,10.88172122244911,-53.34228124609049,12.412586510561098,-56.22595682163765,14.522221734690719,Sp1521+5053
57.847023209310976,None,64.76852697319346,-31.283387765367124,70.6459251785187,-34.201870468803534,87.84702320931098,Sp1523-2347
72.14558993698923,None,30.72301979823321,-58.99090548909904,33.293298982433015,-64.00552180261047,37.21455899369892,Sp1524+2812
59.95866623401497,None,29.727579998163108,-59.12556500505497,32.22696165532015,-64.07903278656005,35.9958666234015,Sp1524+2925
-0.5,None,1.0051114142796589,-46.42754645731438,2.179383560898446,-48.33310419262781,3.890425212353411,Sp1524+6132
333.3629381832312,None,55.672583566904514,-8.189204707134524,58.54633519530788,-9.919576108434775,63.33629381832312,Sp1525-5110
147.0299917818626,None,36.96282980962139,-57.68465003978305,39.953377784657235,-62.852789995718005,44.70299917818626,Sp1526+2043
447.1481528660857,None,58.74403714485202,-41.742828933853154,63.9447857948829,-45.50281294054604,74.71481528660857,Sp1527-0918
553.7646216971311,None,63.586917798347585,-26.17662006646799,69.21585200308944,-28.9358558282055,85.37646216971311,Sp1529-2907
260.1758714403757,None,45.47720956508425,-52.56553973932483,49.27056841676307,-57.41865308459195,56.01758714403757,Sp1530+0926
308.30941983168344,None,53.420804941759975,-5.620736169709071,56.09721253595931,-7.302997150506898,60.830941983168344,Sp1530-5342
187.61034257031957,None,39.62937133069244,-55.389194244351465,42.969532762317705,-60.507144993622646,48.76103425703196,Sp1531+1641
231.15683396214587,None,42.55535325452602,-52.913689721153624,46.253213296699535,-57.912280446707854,53.115683396214585,Sp1534+1219
497.4462694153749,None,59.43723487674385,-36.78990644650068,65.07606511871602,-40.3936157513548,79.74462694153749,Sp1534-1418
353.05215228204133,None,55.719936764063874,-9.056005517209107,58.98307273959952,-10.975924501135111,65.30521522820413,Sp1534-4914
54.46647427210628,None,27.84744004108516,-56.405199259704,30.574684487475082,-61.332362801095115,35.44664742721063,Sp1536+2959
446.00768972848243,None,59.660472030993375,-16.458264070380725,64.1630499530253,-18.833675162155558,74.60076897284824,Sp1537-3954
-0.5,None,-11.248218766436889,-36.351637954988504,-10.493865181473366,-37.33918723465342,-9.18222660021344,Sp1539+7437
407.09871273057627,None,53.93237779829645,-42.16760310301968,59.007504013743755,-46.32979694253219,70.70987127305763,Sp1539-0520
-0.5,None,15.663291156448892,-53.46744828680699,17.79168666873273,-57.2821902232884,21.635851956113893,Sp1540+4347
574.4106849075426,None,61.07648720816296,-26.946186951810084,66.87494629699269,-30.018238915857612,87.44106849075426,Sp1540-2613
334.61784303856405,None,53.82907565856604,-6.981142788944932,56.98089134129677,-8.897204610090927,63.461784303856405,Sp1540-5101
23.52181860357888,None,24.372277550801265,-54.62841352484561,27.096893714682608,-59.381072667184995,32.35218186035789,Sp1544+3301
-0.5,None,15.139296205673917,-52.56690181248572,17.346638257543496,-56.41094511646392,21.55036661347277,Sp1545+4350
-0.5,None,7.956745876184209,-49.43138986414058,9.770992808012164,-52.43091003341138,13.16688359870461,Sp1545+5214
571.4504462837792,None,59.520869622848494,-28.706414610078518,65.39992959383484,-32.01968862118888,87.14504462837792,Sp1545-2255
183.82173793153171,None,43.40189311618375,5.741245603633553,45.06966229509846,4.480314425886903,48.38217379315317,Sp1545-6608
289.27691782954196,None,50.40812236773518,-2.7487369475872327,53.12932113662514,-4.519217988011304,58.9276917829542,Sp1546-5534
485.4466641430689,None,56.31718402416494,-35.446415964277215,61.97832920287997,-39.279171604497094,78.54466641430689,Sp1547-1317
581.4987846314209,None,59.258143567445906,-27.276762816356943,65.11055204205934,-30.545891464185132,88.14987846314209,Sp1547-2423
518.819001420564,None,57.152026712121746,-32.799791439037264,62.95737016547788,-36.48415773796641,81.8819001420564,Sp1548-1636
445.81743546743996,None,57.41169563957646,-15.030211183328726,62.03762659691449,-17.568254343960607,74.581743546744,Sp1549-3954
291.3020897072513,None,44.47845425203501,-46.79448999004869,48.89094617827172,-51.63599727639251,59.13020897072513,Sp1550+0616
-0.5,None,5.347999355243594,-47.43976126656747,7.13201046315592,-50.25132968629698,10.733848052998988,Sp1551+5442
-0.5,None,-3.3855152575611847,-41.99519142167603,-2.0905086370393233,-43.84020298800896,0.48327094394632747,Sp1551+6457
580.3562844757078,None,58.34855112243194,-25.043896498258373,64.1350951188326,-28.282143194980847,88.03562844757077,Sp1552-2623
214.27309614484494,None,38.36126661407978,-49.45557406418963,42.32728325603158,-54.56054954175792,51.42730961448449,Sp1553+1400
187.7527829792894,None,36.26348253016405,-50.22717929091765,40.07726666598128,-55.377747164835036,48.77527829792894,Sp1554+1639
255.3935783810764,None,40.99075180007293,-47.31759883467302,45.25827819914726,-52.31922861165647,55.53935783810764,Sp1555+0954
453.77732366303036,None,53.051429344100306,-36.24837165022841,58.59325050054713,-40.357567754423535,75.37773236630304,Sp1555-0956
175.62231063097192,None,34.792325436554954,-49.80158917507504,38.5979325097214,-54.96580924298691,47.562231063097194,Sp1557+1752
-0.5,None,1.0389274105150506,-44.475235226985774,2.6794135637697223,-46.900392049356896,6.198735911049884,Sp1557+5914
577.1386979365057,None,56.26202328151088,-26.870521298658545,62.14015017930951,-30.39851687796866,87.71386979365056,Sp1559-2226
581.3943245034751,None,56.34886033983177,-26.536034266064387,62.22138817036083,-30.040487895966535,88.13943245034751,Sp1559-2254
156.53059884302428,None,32.91353718353182,-49.685659091798186,36.657341603437565,-54.85448886807836,45.65305988430243,Sp1600+1946
523.9255943860313,None,56.660864290262865,-19.632709730540295,62.116108625823124,-22.692492998111614,82.39255943860313,Sp1600-3205
388.11684119701556,None,53.54815866430589,-9.264995936956119,57.58978856109927,-11.652770451180942,68.81168411970155,Sp1600-4543
495.72017759447675,None,56.24958130233872,-17.420597134565877,61.470744578305506,-20.349073026246376,79.57201775944768,Sp1601-3455
338.5763787814207,None,45.212157232051595,-41.643407713115664,50.138783412659755,-46.37051219344439,63.85763787814207,Sp1602+0131
-0.5,None,-2.1931921121121145,-42.17301566237383,-0.6741389049105128,-44.31171785934948,2.723471001921061,Sp1602+6242
583.2816671799326,None,55.80529506561703,-25.212373881197944,61.655883335526624,-28.70151578611122,88.32816671799326,Sp1602-2401
561.967850065871,None,56.291299466189145,-22.34994072839505,61.999828279380985,-25.633216919577265,86.19678500658709,Sp1602-2803
495.1898689935777,None,55.956015027234635,-17.216410167445023,61.180711991126,-20.1621559012755,79.51898689935777,Sp1602-3455
262.3224493797807,None,39.910529485674694,-44.972240782632966,44.37947051868425,-49.985373163673295,56.23224493797807,Sp1604+0908
513.042656843017,None,55.821440894506054,-18.39913847820427,61.20875306921845,-21.457628081670013,81.3042656843017,Sp1604-3303
158.53515895564874,None,32.24277013185044,-48.35958258830971,36.09880961432086,-53.52819011812704,45.853515895564875,Sp1605+1931
-0.5,None,15.436938920149581,-49.45940045003754,18.116205788790232,-53.66965833320925,24.487266479901397,Sp1606+4054
399.497256750102,None,47.803539018403065,-37.129656908898426,53.16156455580802,-41.61988477578462,69.9497256750102,Sp1607-0442
502.4656239959094,None,52.456835789558404,-30.504817578765586,58.27152506781453,-34.49247140638585,80.24656239959094,Sp1607-1512
153.80015940610448,None,31.526773234579085,-47.92089071076505,35.39818353322317,-53.08749533965512,45.38001594061045,Sp1608+1957
399.4895115407776,None,47.70447481804245,-37.01751609142717,53.06811449977041,-41.511478503086224,69.94895115407776,Sp1608-0443
104.07942787937515,None,27.678357593423822,-48.85167564998762,31.27049256861341,-53.94768618187288,40.407942787937515,Sp1609+2457
498.12501939587196,None,54.563319308043916,-16.552520666863533,59.84360166173914,-19.604894899975097,79.8125019395872,Sp1609-3431
418.3303473107377,None,48.00118808818911,-35.355975920897706,53.48525735533479,-39.79355933011379,71.83303473107377,Sp1610-0631
460.7339603500868,None,53.57616035811311,-13.3975155026362,58.51181106694883,-16.282689821974003,76.07339603500868,Sp1611-3823
579.7629332636116,None,53.34307285781036,-24.097388965762228,59.20199594310835,-27.751840395452234,87.97629332636116,Sp1613-2313
382.4230676407557,None,45.35837423257264,-36.78640015412919,50.6790030141514,-41.41451677939962,68.24230676407556,Sp1614-0250
296.3619740480555,None,40.02760558096912,-40.972724649416804,44.86592182500889,-45.92899500195254,59.63619740480555,Sp1615+0546
-56.210844950236094,None,18.255892130320046,-48.152051886162454,21.338724315482132,-52.74504984720447,29.43789155049764,Sp1615+3558
279.8783280645054,None,38.81854276040304,-41.551596429197396,43.56891721063752,-46.559552846643165,57.98783280645054,Sp1616+0725
310.2994199382178,None,47.890795166052186,-1.6559083927876652,51.19555599703654,-3.815853539357489,61.02994199382178,Sp1616-5331
345.94085644494214,None,42.254012103880385,-37.71251022373759,47.42232099918249,-42.520002854763725,64.59408564449421,Sp1619+0050
397.0604454266595,None,44.83222542604356,-34.74377273214835,50.27762045354971,-39.35731343999362,69.70604454266595,Sp1620-0416
393.66125625384257,None,44.45491020049088,-34.735550709263684,49.89126575193553,-39.36995329191338,69.36612562538426,Sp1621-0356
473.7013930191435,None,51.986207661370315,-13.035609159581705,57.067657424793545,-16.084322793335623,77.37013930191435,Sp1621-3711
127.03135873960122,None,37.10534983327622,12.220751390854238,38.57633164115256,11.03646708083713,42.70313587396012,Sp1621-7151
-0.5,None,6.783862992705989,-44.80771955799539,9.223577717644757,-48.32160742867924,15.84238068363831,Sp1622+4934
405.4053218558934,None,44.49910131580886,-33.526329602861914,50.011069755692105,-38.13073067712511,70.54053218558934,Sp1623-0508
533.542979834225,None,49.736290540078265,-25.803337770748357,55.61770835882847,-29.827417472436327,83.3542979834225,Sp1623-1758
530.0065032567757,None,49.17874317512805,-25.600685348296533,55.05932454708001,-29.659028940273704,83.00065032567757,Sp1625-1742
1418.4154888765684,None,27.76910957174197,-44.249316397983435,31.84416477491993,-49.396797053709655,44.18415488876568,Sp1626+2113
1019.2565432469245,None,24.82841179830374,-44.992061165496,28.681854754192628,-50.06546490256836,40.192565432469245,Sp1626+2512
420.2689426411388,None,44.79515485753571,-32.24726655024706,50.3862503731425,-36.80388006908249,72.02689426411388,Sp1626-0639
462.7570319584795,None,50.72151785869972,-11.508448155082311,55.730667447074914,-14.568707076543317,76.27570319584795,Sp1626-3812
-0.5,None,-17.940205282187957,-30.243568515536758,-17.32470955678672,-30.923304832688473,-15.66236580692445,Sp1627+8105
582.5901847564837,None,50.33335896170786,-20.88409495627364,56.154919578014734,-24.638190366499426,88.25901847564838,Sp1627-2425
277.42366304440316,None,36.43637787679769,-39.0202201450556,41.324019701025605,-44.07055581576723,57.74236630444032,Sp1628+0737
559.6514872802838,None,49.076117215427814,-22.422788856217696,54.950206697194865,-26.355613718411043,85.96514872802838,Sp1630-2120
29.112135427153234,None,18.847342907222252,-44.8961282648447,22.35555195741473,-49.693127545087954,32.91121354271532,Sp1631+3227
2.761778477761112,None,16.661839004135217,-44.657414501322485,20.045245031929845,-49.31290670569539,30.27617784777611,Sp1632+3505
417.6548473923765,None,43.209158036980874,-30.894245992550537,48.83376519179626,-35.50688710146691,71.76548473923765,Sp1632-0631
1640.5037196997087,None,38.526912841973605,10.334716360329724,40.436316134850294,8.86065057410752,46.405037196997085,Sp1633-6808_1
1640.4954421219663,None,38.52594840981396,10.335589513446198,40.435419631379496,8.861465116055069,46.404954421219664,Sp1633-6808_2
867.1084067955469,None,33.94931605235928,15.581390024473208,35.12005882666741,14.59639400521373,38.67108406795547,Sp1633-7553
3475.5321571896447,None,38.56634301296317,-33.654249883370156,43.914012019229745,-38.549339475356746,64.75532157189645,Sp1637+0037
-2.00276719686034,None,15.721631850566705,-43.837193065942586,19.13222090959423,-48.46330549679605,29.799723280313966,Sp1637+3535
497.8581455233791,None,48.49100317479953,-12.071282657766169,53.79985483450855,-15.43693450322859,79.78581455233791,Sp1639-3444
497.01634903153956,None,48.222433055215504,-11.801498173456434,53.52477478594414,-15.174721923175476,79.70163490315396,Sp1640-3451
476.6285485787691,None,47.73311425620538,-10.122748747557198,52.884923268422156,-13.411039932559744,77.66285485787691,Sp1642-3654
534.6787718153415,None,18.450492636791076,-41.645976062377365,22.28806330361691,-46.53928181064824,35.346787718153415,Sp1645+3004
3662.272570152713,None,37.89146337524519,-31.078439026852188,43.37636290679421,-35.9525542747602,66.62272570152713,Sp1645-0112
487.43754269803003,None,43.24930464726891,-24.505610891962565,49.099128966289484,-28.9325824648134,78.743754269803,Sp1645-1319
513.4319583774754,None,18.132186774217423,-41.435903569105044,21.972250287255918,-46.31960304196747,35.134319583774754,Sp1646+3016
830.9574228066516,None,15.101954065533109,-41.84914302535443,18.696330844878016,-46.5298308315136,30.83095742280665,Sp1646+3434
-0.5,None,3.7781503459527435,-40.99401408064898,6.449398035874066,-44.53243413656837,15.08459284667772,Sp1646+5019
-0.5,None,10.235581647794813,-41.82646925710375,13.449701982870813,-46.08910781464943,24.126607112213552,Sp1647+4117
3560.033173243926,None,36.76033492312787,-30.949290741127992,42.2223715439826,-35.86605139132073,65.60033173243926,Sp1648-0012
552.4562858800175,None,46.33084965009639,-14.218364037805435,51.960593830452666,-17.94840369333546,85.24562858800175,Sp1648-2913
3064.029479164973,None,33.94723592673045,-33.11717351326773,39.192833534622615,-38.161930516307066,60.64029479164973,Sp1649+0444
7030.320485846275,None,19.044832197481515,-40.59989544167476,23.026513303852138,-45.55311264544882,37.030320485846275,Sp1649+2822
2411.90708249098,None,40.64468231553206,6.54465061798978,43.48293181626855,4.490001970016423,54.1190708249098,Sp1650-6026
3530.6599883603326,None,35.59898101456096,-29.981157076292053,41.08409630434526,-34.923705752694126,65.30659988360333,Sp1653+0000
-0.5,None,-5.729740146532749,-36.981359513919436,-3.7422143602422033,-39.42692021176377,2.8673172974320913,Sp1653+6231
-24.253008184560798,None,11.655917365334796,-40.33388724302665,15.16913255830737,-44.82957749710244,27.57469918154392,Sp1654+3747
4608.2729024774435,None,45.355124637659124,-7.459494903078812,50.414120436755624,-10.786018210948326,76.08272902477444,Sp1654-3818
4356.839436688153,None,39.00497175460249,-25.185417268405615,44.77769458166247,-29.87311938778706,73.56839436688153,Sp1655-0823
4945.1137664969865,None,41.10678672498335,-21.702628851302897,46.981271732359055,-26.167943863899065,79.45113766496986,Sp1656-1422
554.0265158065604,None,42.99474908637161,-17.962378685954317,48.858036207157475,-22.15806681577413,85.40265158065604,Sp1656-2046
2441.280012843594,None,28.691498654814524,-33.76248211903832,33.71478205969178,-38.9150942319685,54.41280012843594,Sp1657+1054
4486.360313607459,None,39.19033868489263,-24.18411519344637,44.99579346293882,-28.834881130280404,74.86360313607459,Sp1657-0940
-0.5,None,1.8707497039351535,-38.91934518199951,4.632950697705968,-42.4304073852935,14.316983323356656,Sp1658+5103
-0.5,None,-11.600162559695077,-33.801578384826854,-10.112134962921376,-35.5191742974816,-5.062769711228397,Sp1658+7027
1.2281694662479836,None,12.66993045234017,-39.175712200658594,16.3907880220296,-43.81362454650161,30.1228169466248,Sp1659+3515
5212.741306915386,None,41.0584211401918,-19.49838447963909,46.94455920105655,-23.888149506755767,82.12741306915386,Sp1700-1654
5702.874675600926,None,42.44231344394778,-16.431381968415135,48.28155655221534,-20.598680465222483,87.02874675600926,Sp1700-2207
5633.551519535895,None,42.08412215951558,-16.82174673034645,47.93711618766399,-21.032728549131047,86.33551519535895,Sp1701-2115
2886.448095802968,None,40.867450158534375,4.708003010955564,44.286501049725764,2.2836981860113967,58.86448095802968,Sp1702-5542
4067.9902407573636,None,35.36971921353982,-24.643033959458798,41.094753680304635,-29.486966138197683,70.67990240757364,Sp1705-0516
4455.790351554361,None,37.03293148902027,-22.653276134484823,42.84753998308903,-27.371894981816606,74.55790351554361,Sp1705-0909
2989.2483989043058,None,40.714191794280666,4.436262611343862,44.25814332916944,1.9270555262800382,59.89248398904306,Sp1705-5441
4864.899622182874,None,38.32559038433386,-20.220819282073748,44.19860192702608,-24.79992345802604,78.64899622182874,Sp1706-1314
-0.5,None,6.3052412072042205,-37.99991109848313,9.654816455272302,-42.155027108357814,22.37854556831182,Sp1707+4301
-0.5,None,-8.313006093884589,-34.88272325266896,-6.359787357584199,-37.180186914378304,0.743970861282112,Sp1707+6439
4137.916520203868,None,35.32207771101023,-23.951701111347308,41.07046617122097,-28.78184364164434,71.37916520203868,Sp1707-0558
4154.268337944688,None,42.37491990331229,-2.411408087613516,47.06678884825064,-5.6090487562028635,71.54268337944688,Sp1708-4302
1214.0888814138534,None,33.73307679515637,15.39090824748555,35.41632473967717,14.022488304656958,42.140888814138535,Sp1709-7226
743.0417376831236,None,15.770768049115329,-35.884818992015894,20.028538568788285,-40.82472974426741,37.43041737683124,Sp1710+2758
-0.5,None,7.4183971150125405,-37.16288916866477,10.967237139842052,-41.48908581518689,24.914050698568087,Sp1711+4028
3877.079682039745,None,33.12360002910474,-24.22223433136811,38.819104970338614,-29.146204237926657,68.77079682039745,Sp1712-0323
5667.890329236542,None,40.82767640543519,-10.895506073096895,46.49474858482221,-14.906521899275424,86.67890329236542,Sp1712-2742
2318.309018376376,None,24.701752377747823,-30.561914786772277,29.806856481207557,-35.72975585348395,53.18309018376376,Sp1713+1211
4467.085455164134,None,41.53926889319815,-3.5422341352544873,46.499008968451605,-6.955076316791867,74.67085455164134,Sp1713-3952
2855.5458271412517,None,27.516900274010865,-28.282606442085747,32.86468526837626,-33.41257853166279,58.55545827141252,Sp1714+0648
5048.935399676381,None,13.52814833655817,-35.38956608320629,17.701864219777928,-40.2378868589191,35.04893539967638,Sp1714+3019
5050.0706734194255,None,37.143247604971855,-17.448323594649818,43.0292170407994,-22.002793432500077,80.50070673419425,Sp1715-1515
4502.428395799008,None,41.221281096954186,-3.5149317650274607,46.21189156090467,-6.962036059290065,75.02428395799008,Sp1715-3928
3855.9660243110156,None,32.06144137452002,-23.298725068208114,37.7699336646703,-28.242861013721207,68.55966024311016,Sp1716-0315
-0.5,None,-6.952308022187045,-34.52615519240333,-4.677723512992726,-37.18136048527024,4.175058002357829,Sp1717+6112
-0.5,None,-9.614890059074641,-33.66708825986921,-7.6458082399879865,-35.92327844636308,-0.055065789595840534,Sp1717+6526
-23.574580662718958,None,27.28798059761178,22.30476483138031,27.772160808211915,21.866246782251245,29.76425419337281,Sp1717-8449
-0.5,None,-11.362490357856654,-32.88195520060263,-9.575376983910049,-34.895176644165524,-2.660526232881454,Sp1718+6802
4290.48028809139,None,40.50931411260374,-1.7608637548072092,45.34387661952869,-5.126810316934456,72.9048028809139,Sp1718-4131
3785.0593301162107,None,40.17196222882591,1.235121576780533,44.56815234001025,-1.8474286015234294,67.8505933011621,Sp1718-4637
3687.215679174729,None,39.99614202110897,1.8643319243520498,44.303013228151926,-1.1652391116508478,66.87215679174729,Sp1719-4736
-0.5,None,3.4001883923981198,-35.674325728170025,6.77957781613769,-39.71113141305891,20.575196829043655,Sp1720+4446
5638.063302322626,None,37.63521844535396,-12.59490806312986,43.45794360556649,-16.930073921371527,86.38063302322627,Sp1721-2149
-204.74558827207227,None,7.685926380265861,-34.6797713484881,11.541108829193886,-39.182590595598114,27.952544117279277,Sp1723+3724
3961.2914445449805,None,30.324620176003368,-20.68024757956847,36.088657821584036,-25.633799843276865,69.6129144454498,Sp1726-0415
5677.74007730948,None,37.777883180576744,-8.404862407884574,43.42947015233722,-12.523421313885812,86.7774007730948,Sp1726-2737
3656.162205127707,None,28.57898983635291,-21.760436941443462,34.2725425493145,-26.78791428549866,66.56162205127707,Sp1727-0111
2671.4768270954273,None,23.661938311373653,-25.944948723412494,29.024410559135163,-31.104416887902225,56.71476827095427,Sp1728+0839
-0.5,None,-16.44022699649087,-30.014000247966226,-15.162236771765764,-31.364052839423238,-9.922647268851412,Sp1728+7518
-27.077538739480076,None,6.252414166553381,-33.48431225818184,10.132412264292684,-37.94247138067935,27.292246126051992,Sp1729+3805
-0.5,None,-8.194603333323958,-33.152956679781894,-5.858277824125964,-35.80650583428436,3.862674204128371,Sp1729+6131
19061.990131116425,None,18.92943930728157,-28.125031634018463,23.982445524690238,-33.27461533669545,49.061990131116424,Sp1731+1619
8034.562341465765,None,12.478707602885247,-31.208718216768606,16.983863428264954,-36.13712305320472,38.034562341465765,Sp1731+2721
5308.814850855882,None,10.685393582142888,-31.612994126237208,15.051506284604487,-36.444561573498554,35.30881485085588,Sp1732+3004
913.585891471579,None,12.856484684247835,-30.61228119178268,17.434411207786614,-35.57209277811008,39.13585891471579,Sp1733+2615
363.9759889754373,None,9.503636359342662,-31.7269744583589,13.787309153369607,-36.49037431011474,33.63975988975437,Sp1733+3144
5229.105309234753,None,33.46962032163117,-12.793802115227795,39.34523264220896,-17.394585575704188,82.29105309234752,Sp1733-1654
4421.180894176109,None,30.47351075624752,-16.777779377481597,36.32999573769558,-21.64028467905436,74.21180894176109,Sp1734-0849
4723.48328105062,None,31.548500614696003,-15.200124169186772,37.42970158980091,-19.974611871402004,77.23483281050619,Sp1734-1151
5734.274112848748,None,36.01835962106807,-7.219073131821086,41.67492265293903,-11.410386082928794,87.34274112848748,Sp1734-2711
3516.7093435461425,None,26.242250653207524,-20.68763511138848,31.926171619361345,-25.75951795546239,65.16709343546142,Sp1735+0012
88038.07792299658,None,12.264950423247155,-30.215234166692554,16.845870457488097,-35.1617259991221,38.80380779229966,Sp1735+2634
5674.596617092297,None,35.96146325947427,-6.763743720444708,41.59585241834713,-10.934925261619048,86.74596617092297,Sp1735-2745
3840.176412043124,None,37.27961249322691,3.403865072443985,41.745554443692846,0.1715545714567498,68.40176412043124,Sp1735-4611
5011.527965653768,None,36.681961483820956,-2.8765942415300803,41.9992758823689,-6.744716583677644,80.11527965653768,Sp1736-3425
-0.5,None,-0.3788979477908469,-32.757852936161335,3.0170020845746315,-36.62922495117617,18.280342069358177,Sp1737+4705
10443.344068300079,None,12.454874627363736,-28.866465865398425,17.159878725551494,-33.85370635002824,40.44334406830008,Sp1739+2454
-0.5,None,-5.707595121859208,-32.36790026146568,-2.8624087882129414,-35.57098623783471,9.826077534794376,Sp1739+5532
256181.49842843565,None,20.2401927661379,-23.2297447734868,25.646662317992583,-28.39815897163351,55.618149842843565,Sp1741+0940
16739.218283246424,None,15.150242472253176,-25.97468718787091,20.199893814523694,-31.086304605733375,46.73921828324642,Sp1743+1832
1384.5852837354869,None,13.588462166455978,-26.929010953743855,18.5008112205687,-31.990713700006236,43.84585283735487,Sp1743+2127
-0.5,None,-7.977957625187207,-31.681357355410075,-5.332829803178848,-34.61230130385625,6.617001121155617,Sp1743+5844
-0.5,None,-22.360171704049936,-26.294215635763663,-21.932399916386405,-26.70944559285683,-20.065030167894474,Sp1743+8526
25991.537128743188,None,34.691965832357056,10.996080390880195,37.988749588760975,8.48416158352812,55.99153712874319,Sp1744-5834
5172.5922094706575,None,30.704485425768997,-10.465445646597697,36.57432478530471,-15.135834111158404,81.72592209470658,Sp1745-1640
6272.7910077495535,None,8.798869785544749,-28.411483351283437,13.347810455600605,-33.256574941097796,36.272791007749554,Sp1746+2903
-2189.306879880519,None,4.02560901891525,-30.23446075823045,8.092895307151016,-34.70369214573881,27.81069312011948,Sp1746+3731
-0.5,None,-3.5650674448605626,-31.466037461381877,-0.3245048823543047,-35.077487303013015,14.78121607936916,Sp1746+5034
4111.410870363211,None,26.494482342081373,-15.52484626163528,32.33080085399446,-20.50516828865031,71.11410870363211,Sp1746-0551
5214.091095408856,None,34.310002810547935,-2.277119315620072,39.73137899890882,-6.318990819872549,82.14091095408855,Sp1746-3214
12673.349972710597,None,11.691492315459048,-25.91199175820172,16.593698332987653,-30.93749049495004,42.6733499727106,Sp1749+2241
-0.5,None,-0.5738186004431379,-30.375568506550838,3.1072267183938025,-34.428442314068086,20.96542114586098,Sp1750+4424
-811.3918356809471,None,3.817937099630992,-28.82828048238789,8.016663076161558,-33.35756857065025,29.188608164319053,Sp1751+3610
5475.997827200414,None,32.55525723258723,-2.364776445857061,38.07792676055862,-6.556947413973594,84.75997827200413,Sp1752-2949
3982.8977786617443,None,34.38690955728095,5.139967711410755,38.98132742064943,1.716070423959888,69.82897778661744,Sp1752-4446
7910.318323270864,None,29.463616107185096,19.939897162520563,30.848581382145237,18.763744989079033,37.910318323270864,Sp1752-7642
5848.777693560716,None,30.93520693545787,-5.64821649544691,36.68398883272076,-10.120121808024091,88.48777693560716,Sp1753-2312
18619.78275841779,None,32.22349604994196,15.473583602243384,34.76586760533262,13.444881946753362,48.61978275841779,Sp1753-6559
-0.5,None,-12.074161475985951,-29.9522287986898,-9.764619774115724,-32.41075346611985,1.241413234360267,Sp1754+6408
-0.5,None,-9.088755749135517,-30.135945809926167,-6.33367130162027,-33.107672750835,6.9696807187855425,Sp1755+5824
3681.183082812625,None,22.55198561798247,-15.512826615047299,28.33302895771599,-20.59867289811757,66.81183082812625,Sp1755-0126
5607.982059663287,None,29.47255307804658,-6.202063268298856,35.27305343538586,-10.785931947063865,86.07982059663287,Sp1756-2042
5748.843048630006,None,31.298774574794855,-3.1295331765458294,36.922122177658984,-7.457855546758111,87.48843048630006,Sp1756-2707
5505.253186695046,None,31.791211283755818,-1.8700845860811415,37.319262010778345,-6.0940370843282965,85.05253186695046,Sp1756-2933
3931.3118142508174,None,33.694310467223325,6.016538769332777,38.24707151184769,2.5975405213115597,69.31311814250817,Sp1756-4518
23661.220089910523,None,15.865763462108674,-20.425812589095525,21.285276672545304,-25.589024763105773,53.66122008991052,Sp1757+1142
-0.5,None,-15.681529876892075,-28.995492396624368,-13.895743355924322,-30.84067476865102,-5.32347968849264,Sp1757+7042
4826.675722825874,None,26.686580240678904,-9.783724656567482,32.571248695776575,-14.624401666197793,78.26675722825874,Sp1757-1253
4029.33640675042,None,33.42603034826201,5.730471592844647,38.05685171288792,2.246914785547948,70.2933640675042,Sp1757-4419
341.70907735607017,None,5.126835380103106,-26.702962282356797,9.615545665554837,-31.414434843066125,33.4170907735607,Sp1758+3157
5647.943638303804,None,31.013573685535928,-2.20485079970383,36.597406099912725,-6.505954920920762,86.47943638303803,Sp1758-2804
5547.6903821636,None,31.12421017138021,-1.6108525650855108,36.667630854724436,-5.8716684159270605,85.476903821636,Sp1758-2904
327668.318183385,None,19.75035553641024,-16.2474457022621,25.45670027721376,-21.388531586993004,62.7668318183385,Sp1759+0235
5130.563992728482,None,27.206544078596874,-7.781809973366093,33.071749781307695,-12.54072535526016,81.30563992728482,Sp1800-1559
-0.5,None,-17.923251503674837,-28.087659352604955,-16.468033291656663,-29.553643191120774,-9.33585092886319,Sp1801+7442
5600.377742033754,None,30.502070243423933,-1.5152532137749681,36.067994506402165,-5.817580949953129,86.00377742033754,Sp1801-2825
4947.60494636482,None,26.124668091377565,-8.190435229261203,32.002127696574966,-13.0112192330903,79.4760494636482,Sp1802-1412
5101.021291412796,None,26.33402754546828,-7.090335736869375,32.19776817829294,-11.869188847257231,81.01021291412796,Sp1803-1550
5387.11103339766,None,30.56620722813041,-0.12902650458089954,36.04073188757496,-4.34948886380992,83.8711103339766,Sp1803-3031
5138.71049999095,None,26.249840294435852,-6.660334518543198,32.108144961906646,-11.429888496864196,81.3871049999095,Sp1804-1616
5286.688661673419,None,30.50752633246875,0.573648495591804,35.935642883929425,-3.6100706706149306,82.86688661673419,Sp1804-3129
5232.9519069875805,None,30.45971635692636,0.958230134086552,35.862126845973755,-3.206056961683703,82.3295190698758,Sp1804-3200
4948.025535863639,None,25.35397012865533,-7.32877872296488,31.228214481671003,-12.158861406880416,79.48025535863638,Sp1805-1422
5594.853567777393,None,29.430111078727084,-0.8563230582948093,35.00442868881499,-5.202364123847241,85.94853567777393,Sp1805-2758
591.0961456315129,None,4.909935523655617,-24.22740457808208,9.60419762335258,-29.020660835824366,35.91096145631513,Sp1806+2923
-0.5,None,-6.195908273423812,-28.098145429977738,-2.7676533159433894,-31.72618836142203,15.073648347952467,Sp1807+5015
4159.888478141019,None,22.028813215338214,-10.688027484361081,27.896911119400624,-15.713228498381245,71.59888478141019,Sp1807-0625
5727.003588295932,None,28.2769441674146,-1.9373141768996744,33.95096429560775,-6.4148422576847555,87.27003588295932,Sp1807-2459
-0.8108463739003113,None,1.4894784265590157,-25.43724629959476,5.868003576894347,-29.9749918021833,29.91891536260997,Sp1808+3523
5615.215384649708,None,28.656266685614824,-0.3781730530664521,34.23631312470367,-4.754960954656761,86.15215384649707,Sp1808-2739
1230.5535654948053,None,7.768283162489582,-21.795801921443182,12.79427239257752,-26.780628942601783,42.30553565494805,Sp1809+2259
29785.38070729055,None,15.694544295283187,-14.69717502886706,21.368518417308835,-19.86364529334034,59.78538070729055,Sp1812+0531
9737.262798972119,None,5.752418614368033,-21.86055924573198,10.679675805409937,-26.767216427279912,39.73726279897212,Sp1812+2536
58353.3385111768,None,27.06027613908037,-0.3095625676780627,32.699234695423776,-4.791530724088337,88.3533385111768,Sp1813-2542
5090.024375114784,None,23.766167502162684,-4.8520500017862815,29.622420780718663,-9.680594063954533,80.90024375114784,Sp1814-1536
55634.61709878007,None,25.397955447061506,-2.659546333229168,31.177882651202964,-7.337005010045951,85.63461709878007,Sp1814-2025
3924.0359969527444,None,30.572609503927076,8.810496027178019,35.11518581345017,5.290181782187622,69.24035996952745,Sp1814-4522
57810.89266032211,None,25.805123797559,-1.3908168697355756,31.53128177258434,-5.996827275946254,87.81089266032211,Sp1815-2237
250679.01879919737,None,12.378298235298306,-15.471092480148796,17.93775173355026,-20.631650925753096,55.06790187991974,Sp1817+1017
-0.5,None,-3.3583412345344454,-24.478148885921787,0.7716335934684478,-28.694849564921686,24.33172691699729,Sp1819+4101
-0.5,None,-15.301799048007119,-27.230537989434453,-13.010624471867885,-29.537616368954403,-0.651023304767095,Sp1819+6600
44084.730750229086,None,29.09200421127097,7.489000434710397,33.97747478081831,3.669956257355541,74.08473075022908,Sp1819-4032
26725.085700013693,None,30.101208376638414,14.882969123084719,33.53326268924697,12.146587088944896,56.72508570001369,Sp1819-5754
21128.041324499114,None,9.582278861969595,-16.012610410095885,15.032722712985915,-21.13684152222606,51.128041324499115,Sp1821+1414
23599.89417276581,None,29.76314414109089,16.290341296759394,32.885554890309685,13.773485196449299,53.59989417276581,Sp1821-6101
-400.4328079373671,None,-3.027838037215343,-23.545503535943237,1.2261945998496244,-27.84894869570551,25.99567192062633,Sp1822+3921
-0.5,None,-3.6363189365319823,-23.778787133908867,0.5476459804216848,-28.01710512883706,24.824873433103676,Sp1822+4032
-0.5,None,-18.729900231793195,-26.652069698082197,-17.064867140157073,-28.279507955042337,-7.9081122544306925,Sp1824+7316
4033.6749362691494,None,17.396146185655226,-7.329400489836968,23.26853755716965,-12.416469163151792,70.33674936269149,Sp1824-0500
4094.22782853824,None,17.76841786798746,-7.1956269533948705,23.644198241632747,-12.272688886386016,70.9422782853824,Sp1824-0536
49529.651179564935,None,27.159975906486167,5.91971068371202,32.36915461674351,1.7939660442628362,79.52965117956494,Sp1824-3503
49261.654716219084,None,27.19995864609906,6.052346772535289,32.39438222710833,1.93913601154923,79.26165471621908,Sp1824-3519
-0.5,None,-9.226195301528369,-25.403193672537043,-5.7496348422857135,-28.930674089048356,13.981851803339106,Sp1825+5122
54065.31697410746,None,22.364875702613254,-0.9758315561774333,28.15783347195981,-5.749237331849073,84.06531697410746,Sp1825-1853
5102.39583341346,None,0.855061575677443,-20.431623061904784,5.64339907416033,-25.14954724308387,35.10239583341346,Sp1826+3014
4807.436482751374,None,19.88089522740274,-3.3197066652858642,25.751455618138607,-8.26256886590111,78.07436482751373,Sp1827-1251
329883.61646779353,None,13.269611344250825,-9.393429297005817,19.060702664814322,-14.5552957109583,62.98836164677935,Sp1829+0215
27309.3116189959,None,10.690964989645254,-11.68372318939908,16.362201656340257,-16.84845872797597,57.3093116189959,Sp1829+0757
9294.474682149392,None,2.2571566448477935,-18.398222169067353,7.2739327702837615,-23.255425957455014,39.29447468214939,Sp1829+2600
49751.92543085832,None,20.119989227239135,-2.126220502375861,25.972233445930726,-7.03072448295384,79.75192543085832,Sp1829-1439
53580.942890103644,None,21.356604598427435,-0.1537200513618415,27.146317588839214,-4.948398250676345,83.58094289010364,Sp1830-1842
20007.080742943872,None,28.451722956405835,18.610671766697674,31.21916611420306,16.33033925289703,50.00708074294387,Sp1831-6435
12872.09317773862,None,3.1439681313604564,-16.29328762512853,8.344019574171927,-21.243852444621357,42.87209317773862,Sp1833+2225
50554.052269630345,None,24.823037814144897,7.340006214780644,30.070682076635578,3.1075464010088902,80.55405226963035,Sp1834-3353
306212.47287524433,None,10.791063043863788,-8.951687008569172,16.552652867705014,-14.12069833417261,60.62124728752443,Sp1835+0440
232.30213034866836,None,-2.2329636576946634,-19.341820030778763,2.4725563757281392,-23.92321663775015,32.323021303486684,Sp1835+3259
49434.06209251759,None,24.626005151646428,8.310742546644134,29.803449619893684,4.124549440094441,79.43406209251759,Sp1836-3507
193575.61430284235,None,5.303671439947008,-13.038302874136557,10.769218743092905,-18.116399990787034,49.357561430284235,Sp1837+1558
36693.24501191708,None,26.908188202547574,13.47750110141862,31.227936085488576,9.993272433107709,66.69324501191709,Sp1837-4755
54719.5921466124,None,-1.5138642684441652,-17.568947087271226,3.377902448104627,-22.266975402550237,35.47195921466124,Sp1839+2952
-0.5,None,-8.141389016987837,-21.723721840375944,-4.09187359096519,-25.69586865943738,20.93171123880282,Sp1839+4424
10983.013707121494,None,0.5852716318287057,-15.231794121667363,5.74667166704635,-20.109961160272917,40.98301370712149,Sp1841+2421
40849.948561429825,None,25.627244961295315,12.510633822657843,30.25274924485478,8.76148681011056,70.84994856142983,Sp1841-4347
-0.5,None,-18.066904165366612,-25.091378753431773,-15.841590612037404,-27.230920767852933,-2.5114038005121384,Sp1842+6751
35589.74956079736,None,11.524503423855629,-5.508554337784291,17.372008625105686,-10.665053103815485,65.58974956079736,Sp1842-0014
45546.87478105937,None,24.487030573462853,10.893390269944176,29.422209182301593,6.880887577769577,75.54687478105937,Sp1842-3905
33402.64814625353,None,26.57248760725534,15.390000389872911,30.61410051349919,12.09766058101609,63.40264814625353,Sp1842-5114
23816.322274565813,None,6.063488380979161,-10.016553712646795,11.687450281596252,-15.146018358639413,53.81632227456581,Sp1843+1132
84958.94585243,None,-0.8790094270770928,-15.759627221493599,4.180029495916571,-20.555418445789005,38.495894585243,Sp1843+2651
-0.5,None,-7.121081845906521,-20.06481626607215,-2.808000753410374,-24.24623570741834,24.678578091522947,Sp1843+4040
38272.27047100284,None,12.335682959353504,-4.066850152987697,18.2080671291286,-9.204778538686385,68.27227047100284,Sp1843-0255
28148.269870161257,None,7.574939830470625,-7.849509732582453,13.309311985968755,-13.010347021240802,58.14826987016126,Sp1845+0711
-35405.125635126315,None,-6.666778345262518,-19.20453582570878,-2.233201090911104,-23.477005885232288,26.45948743648737,Sp1845+3853
58985.55914086228,None,20.305455665143143,5.943657978329505,25.880745512997834,1.3192447150023507,88.98555914086228,Sp1845-2535
206835.07063656478,None,27.020854005501487,19.794376244284706,29.863138043162788,17.422268728566948,50.68350706365648,Sp1845-6357
51790.65308921908,None,22.21257930783963,9.111517799248492,27.484474612579845,4.777328586637996,81.79065308921908,Sp1846-3250
50275.86610601368,None,22.276841645830093,10.02064922143099,27.469428175464497,5.747259020874095,80.27586610601368,Sp1847-3419
157152.6669227174,None,26.706319302129405,21.375028144531456,29.03181963146685,19.405879461560293,45.71526669227174,Sp1848-6855
24000.710009944512,None,25.725893212706488,23.911840063264084,26.589895422842638,23.153602888241473,32.40007100099445,Sp1848-8214
5836.970053733348,None,18.750788183188146,6.284517683806982,24.366863129166383,1.5853699894417956,88.36970053733349,Sp1849-2359
861.2900161545085,None,-2.471967298351808,-13.960815693931119,2.6397626889385517,-18.739636189751234,38.612900161545085,Sp1851+2641
-0.5,None,-15.969544961127534,-23.114898710511262,-12.984347704268245,-25.967513074036344,5.752250283734092,Sp1851+5935
-0.5,None,-13.635139991246552,-21.636751461732782,-10.114366949540866,-25.002459007503436,12.372090566542003,Sp1852+5257
3834.5299289178483,None,10.401972667217677,-1.9942237264390297,16.28097614351987,-7.139392986771417,68.34529928917848,Sp1852-0305
27465.190194793762,None,25.645482294049106,18.784152016996497,29.153689676837292,15.861269173219839,57.46519019479376,Sp1852-5708
43371.444846916005,None,22.78271131694608,13.710546034477883,27.561545412111066,9.754593546319601,73.371444846916,Sp1853-4107
-0.5,None,-23.496482196112108,-24.911146272914472,-22.903623653860482,-25.451953091393985,-19.151383146075194,Sp1854+8429
27504.36695890535,None,25.38500055416809,19.012268089943603,28.897196487068683,16.0786123060718,57.50436695890535,Sp1854-5704
153904.02981624348,None,26.039107198107008,22.094085696323322,28.33533060704419,20.136091999705467,45.39040298162435,Sp1855-6914
-0.5,None,-18.074449822232218,-23.21256995039555,-15.442773992827666,-25.690844916369286,1.3651556097262443,Sp1856+6356
4349.671760666471,None,11.655490197144994,1.107793435942494,17.535271873053105,-3.984663237779041,73.4967176066647,Sp1856-0822
232558.49340850476,None,2.7560596184133206,-7.04119548939032,8.413995718964761,-12.14759976697317,53.255849340850475,Sp1857+1200
5802.0978376863795,None,16.974889557041273,8.264812029956094,22.558006328423225,3.546018048137098,88.0209783768638,Sp1858-2420
234994.51013646153,None,2.5252772539551,-6.619028074464298,8.193370113431014,-11.726260046190118,53.49945101364615,Sp1859+1146
100580.4876932882,None,25.730309103387405,23.341766699597642,27.449844389075718,21.855809359585887,40.05804876932882,Sp1859-7435
107019.0290717408,None,-4.023535582911096,-10.66840338650638,1.237692838106369,-15.481085606342388,40.70190290717408,Sp1903+2437
951.1300351441463,None,-8.005363722867,-14.347268183096846,-3.2104924318013808,-18.786288153023907,30.951130035144146,Sp1903+3422
-0.25348890742463936,None,-8.371667507930093,-14.72068227521267,-3.63091947760845,-19.115093873572338,29.974651109257536,Sp1903+3521
42154.04784993955,None,21.216551461740746,16.008950834779938,25.878416684781072,12.085490429478927,72.15404784993954,Sp1904-4229
17658.356431014567,None,-1.3106930833196804,-7.683320032582293,4.210230366912896,-12.67769558596506,47.65835643101457,Sp1905+1740
37912.05179609415,None,22.0940773959421,17.473345960357523,26.454028027528675,13.799108109276013,67.91205179609415,Sp1905-4644
-4.847552918807086,None,-10.97217648033637,-15.668035738118826,-6.491935790139088,-19.806007922205204,25.152447081192914,Sp1906+4011
4058.6994815854637,None,8.131989310694424,2.045116463636772,14.017417971289108,-3.095623057689276,70.58699481585464,Sp1906-0515
261872.5892398865,None,24.030556707012156,20.86466438844867,27.401801823190105,17.999808538311097,56.18725892398865,Sp1906-5828
306061.21823878406,None,3.69410422215787,-1.8464188595812334,9.517450419571356,-7.007202862340624,60.606121823878404,Sp1907+0443
1268.8067900231474,None,-4.246426835461316,-8.822452444764084,1.1162022422510582,-13.680791078498176,42.688067900231474,Sp1908+2238
188390.1726594793,None,-1.8569252245315275,-6.145630173562726,3.71789677005581,-11.154541896551303,48.83901726594793,Sp1909+1629
54951.741575583554,None,13.061203326421943,8.59449390786228,18.75568921484425,3.7005383438219193,84.95174157558355,Sp1909-1937
20249.39792544314,None,-1.3755389957210191,-5.451003754802381,4.241520817323048,-10.48672516670461,50.24939792544314,Sp1910+1504
182889.2187023171,None,-2.1634122852839344,-6.29402679585392,3.396150492358348,-11.290621149044123,48.28892187023171,Sp1910+1702
-0.5,None,-17.32581310316311,-19.995293278285345,-14.004153274548015,-23.05036650628114,8.762474481052765,Sp1910+5634
3797.4258113749215,None,5.36385912073859,2.6863382358669927,11.248970428598163,-2.476102997996018,67.97425811374922,Sp1913-0241
-0.5,None,-20.979802462567303,-22.194903000256982,-18.678973986970536,-24.28435968618105,-2.8154753267672983,Sp1914+6808
54304.35688122184,None,15.668668150159615,13.657839390852342,20.98400584183919,9.09751069351025,84.30435688122184,Sp1914-3008
3438.4619213485566,None,3.3096973534688536,1.780108596337602,9.181984887395146,-3.3885070106179436,64.38461921348556,Sp1916+0051
300967.085627256,None,1.350820116255409,0.14726952105516564,7.1834059237404695,-5.0050188364129085,60.0967085627256,Sp1916+0509
53945.12780164945,None,15.170710253631011,14.274999548383285,20.46942449944554,9.712199915768991,83.94512780164945,Sp1917-3019
52908.61757169347,None,15.033539494677933,15.050267216091585,20.28265690562987,10.517682542474365,82.90861757169347,Sp1919-3115
1083.2787909711853,None,-7.533126584997155,-6.969104491572556,-2.187919661165139,-11.73644937710599,40.832787909711854,Sp1921+2425
54915.699677413555,None,13.905074373551045,14.803305966746704,19.235724713994845,10.18377885726646,84.91569967741356,Sp1921-2915
25978.75292531959,None,-1.8819533479500206,-0.10256210348210433,3.9002501923866593,-5.206979209762271,55.97875292531959,Sp1923+0917
51364.889281569645,None,14.816252002318416,16.546456607703643,19.95998508959097,12.079661500767617,81.36488928156965,Sp1923-3308
1521.3979770668238,None,-6.508463855055543,-4.454680082359621,-0.9938373838469678,-9.341411515655288,45.21397977066824,Sp1924+2004
11917.931093238054,None,-7.843685135209514,-5.812912296112473,-2.4442952803159597,-10.602918842655344,41.91793109323805,Sp1924+2322
-0.5,None,-23.18719895730295,-22.834168786469583,-21.61231923887126,-24.235945005000726,-10.233165817689345,Sp1924+7533
327339.49268265534,None,20.214315240119134,21.8947718498231,24.122909818028322,18.496241745999942,62.73394926826553,Sp1924-5154
282802.9402166894,None,-1.2892984982389735,1.221188286055491,4.531415566419381,-3.907551735029313,58.280294021668944,Sp1925+0700
25656.330112951422,None,-2.4476846744408975,0.17157707897299834,3.3322770343881496,-4.925415784666515,55.65633011295142,Sp1925+0938
41461.85757986682,None,17.564510589922307,20.022967553940177,22.114533097217596,16.059491737075398,71.46185757986682,Sp1926-4310
9691.041583352011,None,-9.257159913566392,-6.216233169940266,-3.9347589838709474,-10.923867737165345,39.69104158335201,Sp1927+2537
36098.57362526336,None,18.88053449591478,21.606079090846485,23.04281430366692,17.971639759967925,66.09857362526336,Sp1927-4833
22285.759449383528,None,-4.500920205074849,-0.6227739831991793,1.2184622059184105,-5.660061442851456,52.28575944938353,Sp1928+1301
1166.7615858784857,None,-8.690226867964883,-5.194679871820951,-3.287370237164758,-9.964874550960301,41.667615858784856,Sp1928+2339
1261.188658702636,None,-12.735643760392911,-9.351327778149441,-7.7973564220532845,-13.714516871716727,31.261188658702636,Sp1928+3403
40727.92885711924,None,17.322086464933236,20.698706145212622,21.811821707161783,16.77086779684157,70.72792885711924,Sp1928-4356
37656.62249911272,None,18.304352337789602,21.382154032570355,22.579329066142588,17.64455294296129,67.65662249911271,Sp1928-4700
24290.78156513468,None,-3.9660162169452073,0.5148188989852936,1.7972971148407728,-4.554418421233118,54.29078156513468,Sp1929+1101
40301.16088193866,None,2.6844395556052136,7.256766493187437,8.562919012363889,2.0964172702793786,70.30116088193866,Sp1929-0458
5068.506378180177,None,6.702359037984187,11.631279578556835,12.447491131469658,6.589996266328562,80.68506378180177,Sp1930-1521
249432.80148666253,None,-4.453252774494427,1.542167460912613,1.3288697068401112,-3.531310973490537,54.943280148666254,Sp1933+1022
155784.44142832843,None,-8.298252839803927,-2.4127205973249697,-2.742480887999867,-7.282829878040803,45.57844414283284,Sp1933+1944
134892.65538537587,None,-9.111033553689909,-3.313243761655505,-3.6235197706573428,-8.122988058919901,43.48926553853759,Sp1933+2150
43492.48538880471,None,3.1747196718416455,9.390062812159629,9.026511461287875,4.248042106641831,73.49248538880471,Sp1933-0810
55771.6947735837,None,10.78853221641036,17.609060494841216,16.0907024343184,12.925521458074028,85.7716947735837,Sp1935-2846
40215.561640876076,None,1.0824423097316471,8.819082396583637,6.9570607834450335,3.6552325046304217,70.21556164087607,Sp1936-0455
4923.2920928143585,None,4.712956992627411,12.549695531258834,10.472132518291136,7.473271400007473,79.23292092814359,Sp1937-1359
-0.5,None,-17.662184790679998,-11.270279754676373,-13.22913360242858,-15.111585880406869,21.94791676274266,Sp1938+4321
419470.6293281625,None,15.152278352141714,22.179600608115404,19.69059541583818,18.1450936834781,71.94706293281625,Sp1939-4239
267969.71233699645,None,19.58539446278541,25.088205620673524,22.950381136831115,22.09709250114032,56.796971233699644,Sp1939-5750
226422.08122854307,None,-6.915913624325454,2.099952961316709,-1.1610987179035381,-2.920150148635747,52.642208122854306,Sp1940+1237
170897.50593869668,None,21.662432219283303,26.078991954110297,24.106204971123486,23.91011052890641,47.08975059386967,Sp1941-6733
160064.03043435127,None,-10.1419299154903,-0.1924754495231398,-4.541143329125186,-5.048165792800975,46.00640304343513,Sp1942+1913
432591.38911654614,None,14.074227191646255,22.461379025171237,18.689314158914016,18.33694192304597,73.25913891165462,Sp1942-4115
232048.71674106273,None,20.056544630196374,25.919413914537746,23.087946589870693,23.215264335682757,53.20487167410627,Sp1943-6125
33379.75219565893,None,-3.4490281789310098,7.731959206952129,2.4337931467929415,2.5784976744378194,63.37975219565893,Sp1944+0147
152715.43155439987,None,-10.714928021101775,-0.2321984425863973,-5.1317942598594275,-5.062727738538254,45.271543155439986,Sp1944+1957
-0.5,None,-21.649161156139108,-14.538499922474141,-18.019966570598637,-17.6372370624993,10.808368322837877,Sp1945+5428
5747.095420322117,None,7.716506868508143,18.71540015983759,13.099359695023152,13.906478064343835,87.47095420322117,Sp1945-2557
35527.56742489976,None,16.241055090854065,24.57833939382746,20.30457089552386,20.930726585274645,65.52756742489976,Sp1945-4904
1632.4825765225157,None,-10.77676649087521,0.6636962149691297,-5.157417222433517,-4.189447252551126,46.32482576522516,Sp1946+1856
4691.387597409049,None,1.6238049171900562,13.873981555124109,7.405056021453683,8.753030231391866,76.91387597409049,Sp1946-1145
18072.191495929594,None,-10.819515594064338,2.108753895622814,-5.145369239021324,-2.781087936099394,48.072191495929594,Sp1949+1713
105445.00949219234,None,-13.690911324318314,-1.2160637222666466,-8.250270718923721,-5.872226707899823,40.544500949219234,Sp1949+2445
106872.9765861643,None,-13.800760603478988,-1.0013727077092236,-8.352471778384833,-5.659515283194726,40.68729765861643,Sp1950+2436
1076.9543132118322,None,-17.601347239181116,-4.807692061078776,-12.568824368494651,-9.058976401758438,31.076954313211832,Sp1953+3414
-0.5,None,-20.569785403512007,-9.23664461030268,-16.148336200747234,-12.95007892704762,20.899023413010344,Sp1953+4424_1
-0.5,None,-20.57175393744282,-9.235333001323154,-16.15032043436126,-12.94867434776879,20.898256134211504,Sp1953+4424_2
172803.22228924875,None,-12.28301750422852,2.850812452792103,-6.616151826812941,-2.0003322466587763,47.280322228924874,Sp1954+1801
-0.5,None,-21.855296906825032,-11.267530117537872,-17.791697842723643,-14.67306315147747,15.924983750413746,Sp1954+4923
244459.33601769575,None,-9.614785798919652,6.198110989214022,-3.8012494232806926,1.1786065207193435,54.445933601769575,Sp1955+1052
4858.175144981287,None,0.354093837566613,16.396677536957704,6.087501762363888,11.283214001461207,78.58175144981287,Sp1955-1316
132481.7992289826,None,21.360518558584772,27.234238702922,23.389837663703915,25.419353793346676,43.24817992289826,Sp1955-7126
344319.1907717517,None,-5.8913727141051675,10.92906931525176,-0.005737125217382267,5.779232728376156,64.43191907717517,Sp1956+0052
20877.178812250277,None,-11.263932811114508,4.829664724591575,-5.510532923985261,-0.10975215880850969,50.87717881225028,Sp1956+1426
5321.584620508392,None,2.1414425357161644,18.290255174095265,7.75831840118423,13.249126697218736,83.21584620508392,Sp1956-1754
111687.37003917116,None,-15.20785602490311,0.7106577412736069,-9.718322267027425,-3.9349743359854976,41.168737003917116,Sp1957+2408
1291.6909572149457,None,-14.97805566733012,1.895158144196971,-9.423585560469842,-2.8038757042614146,42.91690957214946,Sp1959+2223
434.2871889067112,None,-17.915195433716505,-2.0530143048919376,-12.696744210849745,-6.420966052774483,34.34287188906711,Sp2000+3057
284795.8041843694,None,-9.522461736015458,9.525175185840979,-3.655268293373962,4.449106416873971,58.47958041843694,Sp2001+0647
40592.30423701111,None,-4.669739792424945,14.958409878664876,1.1764458055508566,9.789639011611213,70.5923042370111,Sp2002-0521
400767.12006407615,None,11.821155141109623,26.777784788406432,16.134308497152247,22.795577323354895,70.07671200640762,Sp2002-4433
302274.15842900943,None,15.577712995786083,27.848243528535644,19.159165308036783,24.556736389491814,60.227415842900946,Sp2002-5425
49342.81177488491,None,-1.2923859886184264,18.905132316261174,4.394384779901588,13.792417633123184,79.34281177488491,Sp2004-1416
439711.1948389114,None,-3.9736683347424973,17.197645012825472,1.8187556641150227,12.036576541458482,73.97111948389114,Sp2006-0852
286539.1088252734,None,-11.39836403739308,11.536298308816415,-5.52345600037948,6.473702725655254,58.65391088252734,Sp2010+0634
224941.85546626576,None,-14.348432849568171,9.166951650024966,-8.535515710649427,4.2366694354192465,52.494185546626575,Sp2012+1246
188204.7507690826,None,-15.707803947070325,7.4065644275296245,-9.961643214542548,2.5728666718084794,48.82047507690826,Sp2012+1627
279268.18360887567,None,14.704846325227534,29.797696746052804,18.042434626543677,26.67926125421933,57.926818360887566,Sp2015-5645
179758.2524760689,None,-16.88607422926544,7.798516851367475,-11.150658103799056,3.0044617517747434,47.97582524760689,Sp2016+1719
460560.5761191306,None,-5.449708820907316,20.28600235460854,0.28481335997518503,15.12916631806264,76.05605761191306,Sp2016-1045
354324.47985064914,None,-10.32038011161524,16.183478281832382,-4.445545407320275,11.046044574554754,65.43244798506491,Sp2018-0007
423208.0680528794,None,-7.493481312629267,19.214071595620826,-1.693948978380155,14.04532043347969,72.32080680528794,Sp2018-0701
264209.36028409353,None,14.73514750139364,30.383643062679276,17.927796946793055,27.388888313667938,56.42093602840935,Sp2019-5816
-7564.74218904831,None,-23.34058273592403,-0.8957921579425004,-18.312294942726197,-4.9251037000028335,29.24352578109517,Sp2020+3603
1302.5077284521224,None,-19.733170736053975,6.412053215742529,-14.114472856742744,1.8025656549753963,43.025077284521224,Sp2021+2216
449397.9912158919,None,6.559037248239044,29.55952883469253,11.08269592748335,25.254749074184854,74.93979912158919,Sp2022-3944
415940.4262034704,None,7.858171987404004,30.22564077446083,12.166717219811495,26.113577415337353,71.59404262034704,Sp2023-4305
438172.9460573111,None,-8.392191636445899,21.470424973525027,-2.6353676843329312,16.302285761372687,73.8172946057311,Sp2025-0835
305855.16978058754,None,-14.265110477658112,15.956168823730406,-8.379459646076198,10.895037061862885,60.585516978058756,Sp2026+0439
547414.6719086869,None,1.2275860150764746,28.40055581501661,6.271123752518046,23.623384677055746,84.74146719086869,Sp2026-2943
9343.452402268213,None,-22.05410874680391,5.619000172100752,-16.54173713122513,1.17437943737239,39.34345240226821,Sp2027+2555
353856.0423913361,None,-12.608432027600943,18.495429380139196,-6.74178662156406,13.3698391118721,65.38560423913361,Sp2028-0010
-0.5,None,-28.039186980925887,-10.619458000547063,-24.61402037234989,-13.293627248440444,7.434684861316096,Sp2029+5750
243104.1341078585,None,-17.82304153917558,14.06994677605344,-11.963544332043089,9.151844526454665,54.31041341078585,Sp2031+1052
-0.5,None,-26.838546092897932,-1.9558357415677732,-22.131199908983948,-5.607994708195462,23.31534607807059,Sp2032+4155
153665.68659049718,None,17.728767079518192,30.597060187557116,19.883501059489195,28.603900527953762,45.36656865904972,Sp2032-6918
6842.578806183063,None,-24.050222700357356,5.468849630630516,-18.61603625895847,1.1592993190256704,36.84257880618306,Sp2033+2823
3908.867890243876,None,-24.80843502769032,3.892746060653692,-19.501615872772177,-0.2871569961729021,33.908867890243876,Sp2033+3119
267749.16292952455,None,-17.609312844365018,15.927239219118514,-11.730626378384155,10.961597407397704,56.774916292952454,Sp2034+0827
-0.5,None,-28.04589653614691,-4.349518735929464,-23.704207214221167,-7.686298271407518,18.125695764840927,Sp2034+4708
533134.8555414598,None,0.1919135124458766,30.63236902469274,5.116531664471406,25.891892073248346,83.31348555414597,Sp2035-3110
408214.42003451125,None,6.223818151830027,32.50846891898705,10.41601566523906,28.424601065818184,70.82144200345112,Sp2035-4349
440033.5781224257,None,-10.717491818256937,24.031773090812667,-4.99181304856183,18.863063144676254,74.00335781224257,Sp2036-0847
468439.56680743175,None,-9.491523655795987,25.21474915141197,-3.83376369382991,20.05185730453736,76.84395668074318,Sp2037-1137
443459.5733575746,None,4.015938523703262,32.79640193032394,8.409532629318537,28.49610025334396,74.34595733575746,Sp2038-4020
32310.27804769124,None,9.845056293854885,33.1666158835109,13.419374600997038,29.690629098665134,62.31027804769124,Sp2038-5223
551930.396559231,None,-1.4130818839312036,31.115447397306706,3.5739513763790614,26.301238630540656,85.1930396559231,Sp2039-2926
28.66682284171823,None,-27.084603691277607,5.040368679823013,-21.802554355169516,0.9699464334544583,32.86668228417182,Sp2042+3225
402953.8103639109,None,-13.762927593058851,23.85232109395456,-7.97819631057337,18.69911852897074,70.29538103639109,Sp2042-0500
436484.24982761353,None,-12.136270202954647,25.125096563840046,-6.416270026889444,19.95732453692345,73.64842498276136,Sp2042-0821
19996.620148885904,None,-22.433860879981722,14.613239861909063,-16.612091534525913,9.872028944730284,49.9966201488859,Sp2044+1517
211747.02671487388,None,14.168787163997525,32.893604895597036,16.803412763172943,30.377344718682117,51.17470267148739,Sp2045-6332
20912.994410320876,None,-22.734515861230687,15.671569693727397,-16.89620134208295,10.913518841974577,50.91299441032088,Sp2047+1421
433968.21012249985,None,-13.384513331650217,26.221985599086057,-7.674166881903951,21.0560403408086,73.39682101224999,Sp2047-0808
29927.340894166504,None,-28.343532514240085,6.217679626049267,-23.03840754439355,2.180311008065543,32.99273408941665,Sp2049+3216
165.87309266616222,None,-28.670933566748634,5.499866041659357,-23.430986717261717,1.5279209463749497,31.658730926661622,Sp2049+3336
523970.50115890935,None,-9.511237555520006,30.090060753874173,-4.072378493857234,24.963547943354598,82.39705011589093,Sp2049-1716
548330.4002537704,None,-8.174526199366872,30.7465599758898,-2.8228123131160308,25.65673103221578,84.83304002537704,Sp2049-1944
300269.8908026749,None,-20.3997948716726,21.4339951486277,-14.518588735505078,16.449040686490747,60.02698908026749,Sp2052+0510
-0.5,None,-29.578402306547748,-15.356119667135793,-27.505720989103313,-16.950644058696785,-5.80267789947792,Sp2052+7104
575172.670202577,None,-6.952579966766217,32.39062219064689,-1.7578804976349733,27.368832159445102,87.5172670202577,Sp2052-2318
366597.5390909598,None,5.708706111301449,35.559658094188585,9.51805660713657,31.747912111852397,66.65975390909598,Sp2052-4758
20161.676076550393,None,13.876493622095646,33.52276276650094,16.391653446894697,31.10959220895705,50.16167607655039,Sp2052-6431
321114.6581987866,None,-19.763206766886324,22.687665601276958,-13.894519595621873,17.661330538675802,62.11146581987866,Sp2053+0303
1915.2632157732796,None,-29.411016264936464,6.332723690663751,-24.14696790186225,2.3727730213148974,31.91526321577328,Sp2053+3319
30493.17330496173,None,8.766282454391733,35.25893701471867,12.122719248459598,31.930375743000212,60.49317330496173,Sp2053-5409
380421.6604468489,None,-18.095639172761587,26.341470209498862,-12.306431132331705,21.22656595066405,68.04216604468489,Sp2057-0252
519698.3158582621,None,-3.6411550098962215,36.10523515919626,1.0577083012534945,31.379518635709484,81.96983158582621,Sp2100-3236
321237.2023294402,None,-21.444031289133132,24.26389450566399,-15.581708165642763,19.258814653201306,62.123720232944024,Sp2101+0307
279019.3571282265,None,-24.03151295844153,22.93076265345068,-18.14761404928961,18.04124247832527,57.90193571282265,Sp2104+0722
42.621735690490254,None,-31.22586857594923,9.570194663445914,-25.82589071405196,5.575540010662499,34.262173569049025,Sp2104+3100
458903.73126088805,None,-15.818221774129157,30.991541221983397,-10.228001870049916,25.823875764225882,75.8903731260888,Sp2104-1037
-0.5,None,-33.36948802740182,-0.6987911504859579,-29.074732118293284,-3.7640492764533806,17.00562125158269,Sp2105+4816
521220.3599579156,None,-13.201021165176252,33.75711804763766,-7.827289780227469,28.610870154136506,82.12203599579156,Sp2106-1650
439723.89715560654,None,-0.23907692456347637,38.0360975271669,3.949663500636774,33.72990255543378,73.97238971556065,Sp2106-4044
384062.62076575944,None,-20.117430269904922,28.605016782603535,-14.354991606698363,23.502646991123058,68.40626207657594,Sp2107-0307
507613.12241851544,None,-4.156698413734255,37.755149760931616,0.4206686853845545,33.0796632009464,80.76131224185154,Sp2107-3357
389854.9637833526,None,2.2810023053574504,38.275326320928976,6.139355736952859,34.30098939550075,68.98549637833526,Sp2107-4544
29037.802236879194,None,7.43910586977015,37.5131947669435,10.574180684526121,34.33537757969751,59.037802236879195,Sp2110-5540
-0.5,None,-26.746748105654802,-21.77342384401917,-26.163560465452786,-22.24224692257704,-19.175779865289613,Sp2112+8427
315046.83725966705,None,-25.09548999906626,27.254243704782567,-19.244772802133195,22.310989444781008,61.50468372596671,Sp2116+0341
125856.87856813266,None,-31.804070396812612,16.68055287438606,-26.07965653904842,12.393408874258602,42.585687856813266,Sp2116+2238
760.5384532750321,None,-34.59476622507106,9.676243355929069,-29.33779003561651,5.950805644086853,30.760538453275032,Sp2117+3428
394934.7668391924,None,0.3835327053344987,40.174510559243544,4.2060648647565735,36.15738112752424,69.49347668391924,Sp2118-4505
248117.4652477567,None,-28.797951368768704,24.645685519381647,-22.91241573478596,19.918047884921616,54.81174652477567,Sp2120+1021
430868.27935726446,None,-2.056524000720365,40.772639178709746,1.976856560365711,36.508965384155765,73.08682793572645,Sp2120-4130
974.4634811834437,None,-34.91965518392679,16.87303271038008,-29.259219519166525,12.792754793585395,39.74463481183444,Sp2126+2531
529360.8417689864,None,-8.736360957878825,41.4994708089409,-4.178812584415197,36.69918486013474,82.93608417689865,Sp2126-3143
3054.599221582315,None,20.316248975724605,29.32585243600483,21.14536259143702,28.598046542912616,33.054599221582315,Sp2126-8140
183917.03329355473,None,-32.68540464464039,22.302205899735654,-26.834052144606975,17.856035628025158,48.39170332935547,Sp2127+1652
-0.5,None,-36.08787068479322,-3.054364082162956,-32.488868332387064,-5.507008528538332,9.383323084760852,Sp2127+5553
424588.07403991034,None,-2.59588616688627,41.96244393713443,1.3389237483569312,37.749081458558514,72.45880740399103,Sp2127-4215
9587.187723682284,None,16.750214419912638,32.62515965084418,18.182367178025885,31.302722094571045,39.587187723682284,Sp2127-7508
19547.46789962179,None,11.04706305391375,36.902411522627375,13.329707686618205,34.64353288260013,49.54746789962179,Sp2128-6510
440266.7631182086,None,-22.39870564099091,36.23979981783541,-16.86321413666423,31.100805226577425,74.02667631182086,Sp2130-0845
215720.08234657432,None,-32.66332576141878,25.07633982292296,-26.782569905638105,20.5362351938991,51.57200823465743,Sp2132+1341
119041.54811600244,None,-35.77506927056466,19.321156847099836,-30.04055418400592,15.192428934869971,41.90415481160024,Sp2133+2321
11196.734178191755,None,-36.26883349691742,19.130938888927858,-30.551190862088156,15.045768172988106,41.196734178191754,Sp2134+2404
-337.95789938104406,None,-38.299250700433475,9.460239799351875,-33.266672480707086,6.088157563185314,26.62042100618956,Sp2134+3838
539519.532551829,None,-10.96333913684782,43.375763756810066,-6.42478896808779,38.52110039582652,83.9519532551829,Sp2135-3040
527763.7449341204,None,-10.110466068260548,43.350588612253866,-5.63217102936128,38.54798612559765,82.77637449341205,Sp2135-3153
20398.329774456415,None,-34.19208955711364,25.35942268729974,-28.31500880159909,20.89801622610332,50.398329774456414,Sp2137+1450
406766.52230557194,None,-25.480545394830685,36.281576618715285,-19.872406751402234,31.200381774035982,70.6766522305572,Sp2137-0527
17322.381547079665,None,11.593290297908064,36.87989847681811,13.643430575216842,34.86559247590946,47.322381547079665,Sp2137-6723
14481.659581447439,None,13.316290739689755,35.584688084764736,15.13268088885636,33.83732332998628,44.48165958144744,Sp2137-7014
-0.5,None,-38.123579398882725,0.10168408258317724,-34.25899881230431,-2.4446831672663696,12.303651147282055,Sp2138+5257
-43.289038360308005,None,-39.231993954561936,9.486874735494034,-34.257521238757064,6.204842578962495,25.6710961639692,Sp2139+3934
360071.6921081525,None,-28.367112955298346,34.68808670784593,-22.646010535492934,29.71536386933125,66.00716921081525,Sp2140-0050
33335.69149952631,None,1.0895847244582135,43.03128230663669,4.310175287881334,39.54783494682558,63.335691499526305,Sp2141-5118
1110.6947452925303,None,20.929308653547903,28.687675976505236,21.545073526496573,28.158431503227956,31.11069474529253,Sp2143-8337
535904.9163426082,None,-19.66420880207467,42.95450837874354,-14.604445480876295,37.799636109229326,83.59049163426081,Sp2144-1847
-21013.182965477703,None,-40.56346303290719,12.047290954297008,-35.43491799124749,8.713622524832706,27.89868170345223,Sp2146+3719
304290.71569546656,None,-32.87677017175697,33.53642428811794,-27.063646120344007,28.771814259570856,60.42907156954666,Sp2148+0447
285704.8383136468,None,-33.7470547495862,32.53703381550164,-27.906329321279415,27.83982235888746,58.570483831364676,Sp2148+0639
26633.739946379064,None,4.690479679332409,41.888170655749434,7.378410869139997,39.045086092270104,56.633739946379066,Sp2149-5805
18555.10583045339,None,9.867125262057238,38.53619887026463,11.942490883619799,36.45986060141966,48.55510583045339,Sp2150-6610
117863.85545480257,None,-39.800980611313115,22.371025963824007,-34.041448091049986,18.400857003969463,41.78638554548026,Sp2151+2328
469188.81376383395,None,-25.04225804699658,42.01840767140551,-19.723638689358754,36.87161739974741,76.9188813763834,Sp2151-1141
444308.77142207976,None,-7.3469254142713485,46.62640318337867,-3.5003497588331776,42.29215061754182,74.43087714220798,Sp2151-4017
54299.57549394856,None,-41.51179213245888,18.420607392256596,-35.968826139026284,14.781464559755179,35.42995754939486,Sp2153+2950
39653.23768504469,None,-4.791622767299819,46.752631777958456,-1.2862142879096115,42.78417543987376,69.65323768504469,Sp2156-4505
-0.5,None,-32.39011937409197,-14.628545809558723,-30.959207306937625,-15.643859414465089,-10.364910160724056,Sp2157+7537
572213.7954059142,None,-16.736541735407016,47.76150087579281,-12.216972021491353,42.76367359210953,87.22137954059141,Sp2157-2726
2915.6399666728603,None,2.12591262436796,43.940310811607496,4.922003728723364,40.90194971048748,59.1563996667286,Sp2157-5534
-0.5,None,-39.46592464590369,-2.0485097401656653,-36.22394539716358,-4.11007831660646,6.654454851729374,Sp2158+5836
510709.512320563,None,-23.996245688614216,45.080736475777435,-18.90294159006617,39.912877377839244,81.0709512320563,Sp2158-1550
-0.5,None,-40.633826746777785,0.38378420401323476,-37.0873950492751,-1.8331888204807687,9.659338333203674,Sp2200+5536
36975.82827337645,None,-32.57741249879978,39.79137175871919,-26.962031919578806,34.87811350531852,66.97582827337645,Sp2201-0145
-0.5,None,-41.583664174382555,2.451108510852301,-37.79064695433798,0.11121613882185324,12.153228252853586,Sp2202+5305
2791.382799312818,None,2.3124730570722076,44.27015342621138,4.972761488518299,41.37626704695449,57.91382799312818,Sp2204-5646
46111.73914411014,None,-28.2883672128989,45.01759313628058,-23.041618239550107,39.89743691228508,76.11173914411015,Sp2205-1104
55265.215617582966,None,-22.487692124498345,48.40514104677114,-17.70116864205863,43.255393982481166,85.26521561758297,Sp2206-2047
42284.17952359209,None,-8.099843130378526,49.173046256664634,-4.523542218222128,45.00736643199146,72.28417952359209,Sp2206-4217
4743.757793232656,None,-12.029162336519144,50.37094088195611,-8.16911786686259,45.83977015673659,77.43757793232656,Sp2209-3707
44734.86987350499,None,-30.215409914470403,45.587787978097296,-24.944074623206156,40.50439961024202,74.73486987350499,Sp2210-0936
4194.937667044978,None,-8.662141632538246,50.30970808822735,-5.184966994928394,46.19806153131137,71.94937667044978,Sp2213-4245
2987.3660104526393,None,-0.009420313907893675,46.320682311303635,2.696914068430953,43.297286593671714,59.873660104526394,Sp2213-5451
2103.379593274719,None,6.352740785127487,41.95136275534623,8.454060851751787,39.76742813903557,51.03379593274719,Sp2213-6342
48546.94159219664,None,-28.738853593401544,47.9847155560723,-23.664898060826385,42.84610470560766,78.54694159219665,Sp2214-1319
49924.942745513494,None,-28.803523990181482,49.54906518163,-23.834736228636938,44.40001716011248,79.92494274551349,Sp2219-1440
232787.69866191674,None,-43.318442521027094,35.543841925471,-37.45589950885603,31.332182836492166,53.27876986619167,Sp2221+1158
-0.5,None,-42.279339237296014,-0.31157070629979144,-39.18636841220584,-2.1563985764951914,6.305488465256219,Sp2222+5857
2741.936714183358,None,0.930237616555081,46.275582943151285,3.392540178072906,43.54454183081215,57.41936714183358,Sp2222-5719
127270.67233852288,None,-47.13996750700501,28.519599050663906,-41.316008686945324,24.853386757528824,42.72706723385229,Sp2224+2230
4567.858591158176,None,-12.771141926887795,53.06115329124372,-9.187025596621442,48.68344158617393,75.67858591158176,Sp2224-3901
-0.5,None,-41.545179478116914,-2.1810813170309644,-38.768792793122415,-3.8461386335658294,3.5805913249203924,Sp2226+6139
967.4482482667095,None,13.82295075713027,35.7240703995373,15.022338925269146,34.61189106755291,39.674482482667095,Sp2226-7503
48441.72616708038,None,-31.33766326007325,51.1751826547308,-26.39414186536145,46.056245807486334,78.44172616708038,Sp2228-1325
41911.890699074276,None,-35.64105964091834,48.46815763075635,-30.39266185872575,43.52191622181895,71.91189069907428,Sp2229-0650
3716.779687999076,None,-7.136989543153504,51.61223023063266,-4.120969249258645,47.98140151140311,67.16779687999076,Sp2229-4728
5041.515527768159,None,-17.3622853684601,55.03205243617422,-13.55995704120895,50.31744373121157,80.41515527768159,Sp2230-3358
3092.2578740200556,None,-2.428458617982371,48.94247052373661,0.1949313897862202,45.916526860591446,60.92257874020056,Sp2230-5344
25989.03387422419,None,-44.50196506244639,39.32056927268112,-38.70279415157632,35.079971612005515,55.98903387422419,Sp2232+0909
12.200650008261249,None,-50.23247905641758,20.929845338539415,-44.87258032616317,17.946352007512576,31.220065000826125,Sp2233+3359
-5808.336029141224,None,-50.1521776278895,19.48926976174976,-44.91155570791906,16.59504789092309,29.419166397085878,Sp2233+3547
11208.770511233788,None,-49.57714365892864,28.833357834416198,-43.776192079276576,25.35824709293375,41.20877051123379,Sp2234+2359
5673.013332039767,None,-22.67246016104171,55.75349370128689,-18.53280237720833,50.72033114207996,86.73013332039767,Sp2234-2720
30885.06226074118,None,-43.04469262023391,43.21356429627207,-37.38985062283078,38.77453320768124,60.88506226074118,Sp2235+0418
165432.70858842143,None,-48.718620759997194,33.11185499949986,-42.83715024465703,29.388725991536397,46.54327085884214,Sp2235+1840
-413.53053542958804,None,-50.499569699083494,17.02227552273084,-45.53438246103503,14.35001151931816,25.86469464570412,Sp2237+3922
-0.5,None,-49.71008007972223,13.377403299398848,-45.1448150547709,10.931509899477104,21.357915725545215,Sp2238+4353
-0.5,None,-50.95873654872229,16.60980943339735,-46.078693999374714,14.02306591518545,24.940707642231555,Sp2240+4018
4185.4850557064665,None,-11.860974974342492,55.007935038603456,-8.692857062901975,51.00859095576381,71.85485055706467,Sp2240-4253
5176.517260473239,None,-19.603695035917628,57.357884635890436,-15.877149146412997,52.59023004362545,81.76517260473238,Sp2241-3258
2549.239621679514,None,0.80773321310764,47.25558183107617,2.972503189390141,44.85348344717515,55.49239621679514,Sp2241-5915
2342.334525162215,None,2.4506151705015236,45.947073655601145,4.487168515502355,43.7377666207436,53.42334525162215,Sp2241-6119
974.2449187916208,None,13.137982099241697,36.444207326268355,14.267670422937835,35.40057567265834,39.74244918791621,Sp2241-7500
95380.87041891628,None,-51.782646021048414,28.7178873500692,-46.02049255764553,25.442817242885134,39.53808704189163,Sp2242+2542
2521.247773122382,None,0.9221649536687248,47.2195789808101,3.056837407861419,44.855489911443726,55.21247773122382,Sp2243-5932
5397.188419478221,None,-21.713854515800115,58.15760620000686,-17.90119920537656,53.26634649232439,83.9718841947822,Sp2244-3045
-0.5,None,-45.506125103840645,2.3206212526670633,-42.444039183798836,0.6289649596524788,7.404547030469052,Sp2245+5750
153182.16850498522,None,-51.60064226719681,33.86431739578803,-45.72238318202847,30.35285466101535,45.31821685049852,Sp2247+1955
718.8285223702941,None,14.914515899175674,34.722619244012186,15.840268579458513,33.89623543831694,37.18828522370294,Sp2247-7733
3138.844707885667,None,-53.50438675728472,24.34874576065727,-48.0274137568905,21.474897413974116,33.13884470788567,Sp2249+3205
2899.216559361652,None,-2.716647036868896,50.33779951667454,-0.4226787384539121,47.67239048137186,58.99216559361652,Sp2250-5543
2804.2602962142596,None,-1.9033760102411184,49.69744845398753,0.33902152927857354,47.120281780169364,58.042602962142595,Sp2250-5640
5244.544352300939,None,-32.656471774716856,57.871918238255496,-28.190790713388004,52.722483581399544,82.44544352300939,Sp2252-1730
3663.2522851011613,None,-9.155049609201388,54.906744204647794,-6.4390806880217815,51.491908847738465,66.63252285101161,Sp2253-4801
5526.574193190782,None,-24.718408081772267,60.37259619099839,-20.92199336931129,55.38002830240416,85.26574193190783,Sp2254-2840
2746.9445879598175,None,-1.8801307941786671,49.907707027991364,0.27796977395371325,47.431073763644854,57.469445879598176,Sp2255-5713
3460.5017115901546,None,-45.38544630458679,49.63738722619954,-40.01066771159796,45.21886918344303,64.60501711590155,Sp2256+0031
-0.5,None,-39.88821751758002,-6.625636478057321,-38.060288860716355,-7.7112592517713425,-3.670359064001903,Sp2256+6854
4411.547852348051,None,-15.64606996868361,58.73414899579184,-12.550883364873094,54.601979672440365,74.1154785234805,Sp2257-4030
3803.338656297352,None,-10.744523756863089,56.27929827825072,-8.00659580229747,52.762806963151256,68.03338656297352,Sp2257-4638
3394.3677499050286,None,-46.23618879235484,49.57021519216492,-40.84494268152122,45.214493093932504,63.94367749905029,Sp2258+0113
-0.5,None,-32.02747442858354,-16.341868211062902,-31.257517765282696,-16.85811759935621,-14.973231840611366,Sp2259+8013
3037.6270516322516,None,-4.545893262930378,52.143170740175876,-2.2614487362863986,49.423199905260795,60.37627051632251,Sp2259-5420
14224.688555145072,None,-55.510448146273355,35.244698391769624,-49.63339299866185,32.02679010171402,44.22468855514507,Sp2303+2100
402.8866207397846,None,-43.826943380342044,55.046574979597644,-38.83685059519894,50.427257257590625,70.28866207397846,Sp2306-0502
346.0570393124333,None,-8.70136988251268,55.65464602105553,-6.272948169297879,52.590978938641975,64.60570393124333,Sp2306-5008
573.7280461211226,None,-27.566452937556996,63.29810388789349,-23.88950811708346,58.24705036220094,87.37280461211226,Sp2308-2722
531.8807245133892,None,-35.198838914076056,62.1103037408941,-31.01274330663665,56.976294846944306,83.18807245133891,Sp2310-1759
-0.5,None,-40.49420572421524,-6.560434133642427,-38.87099818362543,-7.489500117850594,-4.415932085723329,Sp2314+6939
415.8538822546271,None,-44.578869846326064,57.770331047859315,-39.78826352264937,53.16522570351285,71.58538822546271,Sp2315-0627
561.8983266192299,None,-33.27449892761973,64.60666971691836,-29.408157509047694,59.43829389190035,86.18983266192299,Sp2316-2141
-0.5,None,-44.491173422651556,-1.667072448145216,-42.386733355515524,-2.789955791211886,0.8376159515113619,Sp2317+6423
377.1589083180676,None,-47.46639711281209,55.563916318416915,-42.46428796429452,51.210770091907925,67.71589083180676,Sp2317-0236
-0.5,None,-35.31510592885206,-12.822050436613791,-34.34527900710664,-13.420175029018615,-11.526724462785547,Sp2319+7645
484.55722223045836,None,-40.36156293401922,62.684352961409495,-36.07341578060693,57.74252560788333,78.45572222304584,Sp2321-1326
529.6774054104462,None,-25.95582966481848,66.15200799772715,-22.74473698145593,61.34632201433922,82.96774054104462,Sp2322-3133
264.42382232666785,None,-3.0511775985596654,51.90806051495099,-1.2656031290418108,49.86178128047246,56.44238223266679,Sp2324-5817
-0.5,None,-58.201801862598835,18.496809852554602,-53.79451610092956,16.628917182930063,22.375059314944416,Sp2325+4251
528.8974459218724,None,-37.96926205623888,65.83723354034146,-34.04320738199378,60.74791381510566,82.88974459218724,Sp2327-1741
817.534968018974,None,-62.22862104805021,33.08955916210396,-56.47779224162745,30.61350358732445,38.17534968018974,Sp2329+2704
-0.5,None,-57.09035793324868,15.473019490265566,-53.133911241123194,13.795178137331527,18.804867224814068,Sp2329+4626
513.7218135181743,None,-39.555671180070604,65.74610101045211,-35.57641544240144,60.72552460841227,81.37218135181743,Sp2329-1607
306.07516417776117,None,-7.011815624477215,55.494663214384026,-5.071185137367362,53.12317120656919,60.60751641777612,Sp2329-5408
371.4518732515353,None,-12.833893204210137,60.223019140383805,-10.57726311123922,57.177938921040784,67.14518732515353,Sp2330-4736
193.7364074464685,None,-60.42801760029428,43.201957854659575,-54.61566253621512,40.216491353926266,49.37364074464685,Sp2331+1552
393.50461461921867,None,-48.90769402990521,59.07503851487047,-44.18532286363087,54.81797136130195,69.35046146192187,Sp2331-0406
569.2490506406484,None,-30.099960925579357,68.42463979033798,-26.82941865665312,63.39215221520939,86.92490506406484,Sp2331-2749
-0.5,None,-37.29801843560943,-10.805499366377727,-36.26604054929207,-11.404927037270053,-9.68833002255065,Sp2333+7456
567.4655744639273,None,-35.65167329184932,68.38760657033546,-32.06697439830103,63.22350053513272,86.74655744639273,Sp2333-2133
156.86771133260336,None,-62.32987360737228,40.35029666823961,-56.45144350902618,37.619240061244035,45.686771133260336,Sp2334+1933
376.1087808328999,None,-50.85640823861105,58.56754079903251,-46.08405992132543,54.50192943126669,67.61087808328999,Sp2335-0223
166.44119694871748,None,-62.4191947032611,41.38445170009121,-56.554706784767745,38.63714290804923,46.64411969487175,Sp2336+1835
133.3197850231059,None,-63.34947807300296,38.48522109874516,-57.46629201946073,35.91042206989698,43.33197850231059,Sp2336+2153
-0.5,None,-59.505559815302554,18.181546840434688,-55.35354717571796,16.530515780869152,21.140882105574654,Sp2337+4405
447.26687668472607,None,-45.86268346306395,63.84335229709608,-41.602319673292655,59.28406839428968,74.72668766847261,Sp2337-0933
-0.5,None,-46.40413477693427,-0.3225408642198582,-44.46347640934455,-1.281793624735568,1.360490295906984,Sp2338+6352
478.6925559929757,None,-43.56616562553639,66.04773610355753,-39.543547579162635,61.28029620144958,77.86925559929757,Sp2338-1246
553.756024608829,None,-37.19099083180143,69.25726243609468,-33.63776501095114,64.11382481125025,85.3756024608829,Sp2338-2029
372.7375521938018,None,-13.61512594231617,61.33507656117593,-11.464213753096615,58.39333132024591,67.27375521938018,Sp2338-4726
934.7893172017052,None,-63.42237298718508,26.657091506064667,-58.26728298993343,24.701850373508634,30.09347893172017,Sp2339+3507
549.674385611624,None,-30.352930301115837,70.96625354710349,-27.37364228022455,66.0218452639616,84.9674385611624,Sp2343-2906
219.49838127025834,None,-62.21235661114104,47.07817479520206,-56.55980993246698,44.226796655583826,51.949838127025835,Sp2344+1312
426.08991937343177,None,-48.477830580324344,63.81135857562132,-44.21056426017318,59.50711694379634,72.60899193734318,Sp2344-0733
-0.5,None,-43.59752082185286,-3.929590141464627,-42.10605845610863,-4.686864584070554,-2.745463868697998,Sp2345+6758
237.05047010718886,None,-61.799943549787734,48.84074356141404,-56.25660067536756,45.939063615806795,53.705047010718886,Sp2346+1129
818.163087404659,None,-66.32403419085226,34.80840686183286,-60.56510342169748,32.68116644243001,38.18163087404659,Sp2347+2702
418.11988394255036,None,-49.77203625070938,63.83425314290837,-45.51472473471192,59.672338725312464,71.81198839425504,Sp2347-0638
530.431080648039,None,-28.676847931750615,71.47791171645729,-25.9190717281765,66.76370352143219,83.0431080648039,Sp2348-3134
489.1356722052427,None,-44.293237540541675,68.78331069598568,-40.54864260091756,64.06229108468169,78.91356722052427,Sp2349-1344
271.2214619085909,None,-60.69937659249728,52.2672299917004,-55.41514242750173,49.25647669608348,57.12214619085909,Sp2350+0806
50587.580479106226,None,-66.91830127954435,32.170794636669896,-61.35812300426684,30.24317784880302,35.05875804791062,Sp2351+3010
553.7272249927062,None,-39.19377580285179,72.31122314735063,-35.9043045462624,67.20685360107473,85.37272249927062,Sp2352-2009
438.00793926605013,None,-49.15236860550338,66.26203505046557,-45.15376019710526,62.053897474254285,73.80079392660501,Sp2353-0833
642.6244224456595,None,-67.8289552550806,33.70775916105148,-62.17452239654639,31.79669203436516,36.426244224456596,Sp2354+2849
541.1525681534451,None,-40.566525400443254,72.34790342403919,-37.24942375019118,67.31322896760467,84.11525681534451,Sp2354-1852
514.829036752958,None,-27.674623897806917,72.01588554092227,-25.10912637301789,67.53375468492705,81.4829036752958,Sp2354-3316
215.560203962061,None,-0.18299057103036784,49.72365934060478,1.0566003400399342,48.44910949741866,51.5560203962061,Sp2354-6312
267.5882229016884,None,-5.046445205854397,54.40385462380512,-3.597499884894612,52.76941831157035,56.758822290168844,Sp2355-5800
503.2004374431217,None,-26.799341224966486,71.89443282379803,-24.328253314998612,67.58204969065245,80.32004374431217,Sp2356-3426
462.90809793970527,None,-23.17735175202137,69.82671287674158,-20.906505275968176,66.07846634163907,76.29080979397052,Sp2356-3827
-49473.87254393618,None,-64.64117266672545,23.0656555505712,-60.229898355424616,21.592141237078952,25.052612745606382,Sp2357+4011
-0.5,None,-52.900000095657845,6.501257240783471,-50.585869111627126,5.539436580738187,7.780968938253985,Sp2357+5727
219.92908136920676,None,-0.7733453786955401,50.330753098687815,0.4403155160293074,49.08437871868259,51.992908136920676,Sp2358-6245
115.93544396581756,None,-68.72788803931346,38.90723371137218,-62.85345112826148,36.88289870353658,41.593544396581756,Sp2359+2338
552.2502542281376,None,-40.026911325850705,73.89247739893237,-36.89201714320323,68.81336882573432,85.22502542281376,Sp2359-2007
551.299006686862,None,-31.500260083136784,74.20861751955175,-28.847324715117253,69.3421620276866,85.12990066868619,Sp2359-2932
